1.500000000000000000e+01
1.500000000000000000e+01
1.500000000000000000e+01
1.500000000000000000e+01
1.500000000000000000e+01
1.500000000000000000e+01
1.500000000000000000e+01
3.500000000000000000e+01
6.500000000000000000e+01
6.500000000000000000e+01
6.500000000000000000e+01
6.500000000000000000e+01
7.500000000000000000e+01
7.500000000000000000e+01
7.500000000000000000e+01
8.500000000000000000e+01
8.500000000000000000e+01
9.500000000000000000e+01
9.500000000000000000e+01
9.500000000000000000e+01
1.050000000000000000e+02
1.050000000000000000e+02
1.050000000000000000e+02
1.150000000000000000e+02
1.150000000000000000e+02
1.150000000000000000e+02
1.150000000000000000e+02
1.150000000000000000e+02
1.150000000000000000e+02
1.150000000000000000e+02
1.250000000000000000e+02
1.250000000000000000e+02
1.250000000000000000e+02
1.250000000000000000e+02
1.250000000000000000e+02
1.350000000000000000e+02
1.350000000000000000e+02
1.450000000000000000e+02
1.650000000000000000e+02
1.650000000000000000e+02
1.650000000000000000e+02
2.550000000000000000e+02
2.370000000000000000e+02
2.570000000000000000e+02
2.520000000000000000e+02
2.520000000000000000e+02
2.520000000000000000e+02
2.520000000000000000e+02
2.460000000000000000e+02
2.560000000000000000e+02
2.560000000000000000e+02
2.660000000000000000e+02
2.590000000000000000e+02
2.690000000000000000e+02
2.690000000000000000e+02
2.690000000000000000e+02
2.620000000000000000e+02
2.620000000000000000e+02
2.720000000000000000e+02
2.650000000000000000e+02
2.650000000000000000e+02
2.750000000000000000e+02
2.750000000000000000e+02
2.670000000000000000e+02
2.770000000000000000e+02
2.770000000000000000e+02
2.680000000000000000e+02
2.680000000000000000e+02
2.680000000000000000e+02
2.780000000000000000e+02
2.690000000000000000e+02
2.690000000000000000e+02
2.790000000000000000e+02
2.690000000000000000e+02
2.690000000000000000e+02
2.990000000000000000e+02
2.990000000000000000e+02
2.890000000000000000e+02
2.890000000000000000e+02
2.890000000000000000e+02
2.890000000000000000e+02
2.780000000000000000e+02
2.880000000000000000e+02
2.980000000000000000e+02
2.870000000000000000e+02
2.870000000000000000e+02
2.870000000000000000e+02
2.860000000000000000e+02
2.860000000000000000e+02
2.960000000000000000e+02
2.850000000000000000e+02
2.950000000000000000e+02
2.950000000000000000e+02
2.840000000000000000e+02
2.840000000000000000e+02
2.940000000000000000e+02
2.940000000000000000e+02
2.830000000000000000e+02
2.830000000000000000e+02
2.830000000000000000e+02
2.720000000000000000e+02
2.820000000000000000e+02
2.920000000000000000e+02
2.810000000000000000e+02
2.810000000000000000e+02
2.910000000000000000e+02
2.800000000000000000e+02
2.800000000000000000e+02
2.800000000000000000e+02
2.890000000000000000e+02
2.890000000000000000e+02
3.190000000000000000e+02
3.190000000000000000e+02
3.080000000000000000e+02
3.080000000000000000e+02
3.080000000000000000e+02
3.280000000000000000e+02
3.270000000000000000e+02
3.270000000000000000e+02
3.270000000000000000e+02
3.160000000000000000e+02
3.160000000000000000e+02
3.260000000000000000e+02
3.250000000000000000e+02
3.250000000000000000e+02
3.250000000000000000e+02
3.250000000000000000e+02
3.240000000000000000e+02
3.340000000000000000e+02
3.340000000000000000e+02
3.230000000000000000e+02
3.230000000000000000e+02
3.330000000000000000e+02
3.220000000000000000e+02
3.220000000000000000e+02
3.220000000000000000e+02
3.320000000000000000e+02
3.210000000000000000e+02
3.210000000000000000e+02
3.310000000000000000e+02
3.310000000000000000e+02
3.200000000000000000e+02
3.200000000000000000e+02
3.200000000000000000e+02
3.300000000000000000e+02
3.190000000000000000e+02
3.290000000000000000e+02
3.390000000000000000e+02
3.390000000000000000e+02
3.280000000000000000e+02
3.280000000000000000e+02
3.280000000000000000e+02
3.380000000000000000e+02
3.370000000000000000e+02
3.470000000000000000e+02
3.360000000000000000e+02
3.350000000000000000e+02
3.450000000000000000e+02
3.450000000000000000e+02
3.450000000000000000e+02
3.350000000000000000e+02
3.450000000000000000e+02
3.450000000000000000e+02
3.440000000000000000e+02
3.440000000000000000e+02
3.440000000000000000e+02
3.440000000000000000e+02
3.430000000000000000e+02
3.430000000000000000e+02
3.430000000000000000e+02
3.430000000000000000e+02
3.420000000000000000e+02
3.420000000000000000e+02
3.420000000000000000e+02
3.420000000000000000e+02
3.310000000000000000e+02
3.310000000000000000e+02
3.410000000000000000e+02
3.410000000000000000e+02
3.300000000000000000e+02
3.300000000000000000e+02
3.400000000000000000e+02
3.400000000000000000e+02
3.490000000000000000e+02
3.490000000000000000e+02
3.590000000000000000e+02
3.480000000000000000e+02
3.580000000000000000e+02
3.680000000000000000e+02
3.680000000000000000e+02
3.570000000000000000e+02
3.570000000000000000e+02
3.670000000000000000e+02
3.670000000000000000e+02
3.560000000000000000e+02
3.660000000000000000e+02
3.660000000000000000e+02
3.660000000000000000e+02
3.650000000000000000e+02
3.650000000000000000e+02
3.650000000000000000e+02
3.640000000000000000e+02
3.640000000000000000e+02
3.640000000000000000e+02
3.640000000000000000e+02
3.530000000000000000e+02
3.530000000000000000e+02
3.630000000000000000e+02
3.620000000000000000e+02
3.820000000000000000e+02
3.920000000000000000e+02
3.920000000000000000e+02
3.810000000000000000e+02
3.810000000000000000e+02
3.810000000000000000e+02
3.810000000000000000e+02
3.700000000000000000e+02
3.800000000000000000e+02
3.800000000000000000e+02
3.800000000000000000e+02
3.790000000000000000e+02
3.790000000000000000e+02
3.790000000000000000e+02
3.790000000000000000e+02
3.780000000000000000e+02
3.780000000000000000e+02
3.780000000000000000e+02
3.780000000000000000e+02
3.770000000000000000e+02
3.770000000000000000e+02
3.770000000000000000e+02
3.660000000000000000e+02
3.760000000000000000e+02
3.860000000000000000e+02
3.750000000000000000e+02
3.750000000000000000e+02
3.750000000000000000e+02
3.850000000000000000e+02
3.740000000000000000e+02
3.740000000000000000e+02
3.840000000000000000e+02
3.940000000000000000e+02
3.830000000000000000e+02
3.830000000000000000e+02
3.720000000000000000e+02
3.720000000000000000e+02
3.820000000000000000e+02
3.810000000000000000e+02
3.810000000000000000e+02
3.810000000000000000e+02
3.810000000000000000e+02
3.800000000000000000e+02
3.800000000000000000e+02
3.800000000000000000e+02
3.800000000000000000e+02
3.700000000000000000e+02
3.800000000000000000e+02
3.800000000000000000e+02
3.690000000000000000e+02
3.790000000000000000e+02
3.790000000000000000e+02
3.790000000000000000e+02
3.780000000000000000e+02
3.780000000000000000e+02
3.780000000000000000e+02
3.670000000000000000e+02
3.770000000000000000e+02
3.770000000000000000e+02
3.770000000000000000e+02
3.660000000000000000e+02
3.760000000000000000e+02
3.760000000000000000e+02
3.650000000000000000e+02
3.650000000000000000e+02
3.750000000000000000e+02
3.750000000000000000e+02
3.740000000000000000e+02
3.940000000000000000e+02
3.940000000000000000e+02
3.930000000000000000e+02
3.930000000000000000e+02
3.930000000000000000e+02
3.930000000000000000e+02
3.920000000000000000e+02
3.920000000000000000e+02
3.920000000000000000e+02
3.910000000000000000e+02
3.800000000000000000e+02
3.800000000000000000e+02
3.900000000000000000e+02
4.000000000000000000e+02
3.890000000000000000e+02
3.990000000000000000e+02
3.880000000000000000e+02
3.770000000000000000e+02
3.770000000000000000e+02
3.770000000000000000e+02
3.770000000000000000e+02
3.660000000000000000e+02
3.660000000000000000e+02
3.760000000000000000e+02
3.650000000000000000e+02
3.650000000000000000e+02
3.750000000000000000e+02
3.640000000000000000e+02
3.640000000000000000e+02
3.640000000000000000e+02
3.740000000000000000e+02
3.630000000000000000e+02
3.630000000000000000e+02
3.630000000000000000e+02
3.630000000000000000e+02
3.720000000000000000e+02
0.000000000000000000e+00
