1.900000000000000000e+01
1.900000000000000000e+01
1.900000000000000000e+01
1.900000000000000000e+01
2.900000000000000000e+01
2.900000000000000000e+01
2.900000000000000000e+01
2.900000000000000000e+01
2.900000000000000000e+01
2.900000000000000000e+01
3.900000000000000000e+01
3.900000000000000000e+01
4.900000000000000000e+01
4.900000000000000000e+01
4.900000000000000000e+01
4.900000000000000000e+01
5.900000000000000000e+01
5.900000000000000000e+01
5.900000000000000000e+01
5.900000000000000000e+01
6.900000000000000000e+01
6.900000000000000000e+01
6.900000000000000000e+01
6.900000000000000000e+01
6.900000000000000000e+01
6.900000000000000000e+01
6.900000000000000000e+01
7.900000000000000000e+01
7.900000000000000000e+01
7.900000000000000000e+01
8.900000000000000000e+01
8.900000000000000000e+01
8.900000000000000000e+01
8.900000000000000000e+01
8.900000000000000000e+01
8.900000000000000000e+01
9.900000000000000000e+01
9.900000000000000000e+01
9.900000000000000000e+01
9.900000000000000000e+01
9.900000000000000000e+01
9.900000000000000000e+01
9.900000000000000000e+01
1.090000000000000000e+02
1.090000000000000000e+02
1.290000000000000000e+02
1.290000000000000000e+02
1.390000000000000000e+02
1.390000000000000000e+02
1.390000000000000000e+02
1.390000000000000000e+02
1.390000000000000000e+02
1.390000000000000000e+02
1.390000000000000000e+02
1.490000000000000000e+02
1.490000000000000000e+02
1.490000000000000000e+02
1.490000000000000000e+02
1.490000000000000000e+02
1.490000000000000000e+02
1.490000000000000000e+02
1.590000000000000000e+02
1.590000000000000000e+02
1.590000000000000000e+02
1.590000000000000000e+02
1.590000000000000000e+02
1.690000000000000000e+02
1.690000000000000000e+02
1.690000000000000000e+02
1.690000000000000000e+02
1.790000000000000000e+02
1.890000000000000000e+02
1.890000000000000000e+02
1.990000000000000000e+02
1.990000000000000000e+02
1.990000000000000000e+02
1.990000000000000000e+02
1.990000000000000000e+02
1.990000000000000000e+02
1.990000000000000000e+02
2.090000000000000000e+02
2.190000000000000000e+02
2.190000000000000000e+02
2.190000000000000000e+02
2.190000000000000000e+02
2.190000000000000000e+02
2.290000000000000000e+02
2.290000000000000000e+02
2.290000000000000000e+02
2.290000000000000000e+02
2.290000000000000000e+02
2.290000000000000000e+02
2.290000000000000000e+02
2.390000000000000000e+02
2.390000000000000000e+02
2.490000000000000000e+02
2.490000000000000000e+02
2.490000000000000000e+02
2.490000000000000000e+02
2.590000000000000000e+02
2.590000000000000000e+02
2.590000000000000000e+02
2.690000000000000000e+02
2.690000000000000000e+02
2.690000000000000000e+02
2.690000000000000000e+02
2.790000000000000000e+02
2.790000000000000000e+02
2.790000000000000000e+02
2.890000000000000000e+02
2.890000000000000000e+02
2.890000000000000000e+02
2.890000000000000000e+02
2.890000000000000000e+02
2.890000000000000000e+02
2.890000000000000000e+02
2.890000000000000000e+02
2.890000000000000000e+02
2.990000000000000000e+02
2.990000000000000000e+02
3.090000000000000000e+02
3.190000000000000000e+02
3.190000000000000000e+02
3.190000000000000000e+02
3.380000000000000000e+02
3.380000000000000000e+02
3.370000000000000000e+02
3.370000000000000000e+02
3.370000000000000000e+02
3.370000000000000000e+02
3.350000000000000000e+02
3.450000000000000000e+02
3.450000000000000000e+02
3.450000000000000000e+02
3.420000000000000000e+02
3.420000000000000000e+02
3.420000000000000000e+02
3.420000000000000000e+02
3.480000000000000000e+02
3.480000000000000000e+02
3.580000000000000000e+02
3.580000000000000000e+02
3.640000000000000000e+02
3.740000000000000000e+02
3.840000000000000000e+02
3.800000000000000000e+02
3.750000000000000000e+02
3.750000000000000000e+02
3.850000000000000000e+02
3.950000000000000000e+02
3.890000000000000000e+02
3.890000000000000000e+02
3.890000000000000000e+02
3.840000000000000000e+02
3.940000000000000000e+02
3.940000000000000000e+02
3.880000000000000000e+02
3.880000000000000000e+02
3.880000000000000000e+02
3.920000000000000000e+02
3.920000000000000000e+02
3.860000000000000000e+02
3.960000000000000000e+02
4.060000000000000000e+02
3.990000000000000000e+02
4.090000000000000000e+02
4.030000000000000000e+02
4.030000000000000000e+02
4.030000000000000000e+02
3.960000000000000000e+02
4.060000000000000000e+02
4.160000000000000000e+02
4.100000000000000000e+02
4.100000000000000000e+02
4.100000000000000000e+02
4.100000000000000000e+02
4.150000000000000000e+02
4.150000000000000000e+02
4.250000000000000000e+02
4.250000000000000000e+02
4.190000000000000000e+02
4.190000000000000000e+02
4.190000000000000000e+02
4.190000000000000000e+02
4.240000000000000000e+02
4.240000000000000000e+02
4.240000000000000000e+02
4.190000000000000000e+02
4.290000000000000000e+02
4.290000000000000000e+02
4.290000000000000000e+02
4.240000000000000000e+02
4.340000000000000000e+02
4.340000000000000000e+02
4.340000000000000000e+02
4.310000000000000000e+02
4.310000000000000000e+02
4.310000000000000000e+02
4.310000000000000000e+02
4.280000000000000000e+02
4.480000000000000000e+02
4.480000000000000000e+02
4.480000000000000000e+02
4.560000000000000000e+02
4.560000000000000000e+02
4.560000000000000000e+02
4.560000000000000000e+02
4.550000000000000000e+02
4.550000000000000000e+02
4.650000000000000000e+02
4.650000000000000000e+02
4.650000000000000000e+02
4.850000000000000000e+02
4.950000000000000000e+02
5.060000000000000000e+02
5.060000000000000000e+02
5.060000000000000000e+02
5.170000000000000000e+02
5.170000000000000000e+02
5.170000000000000000e+02
5.170000000000000000e+02
5.180000000000000000e+02
5.180000000000000000e+02
5.280000000000000000e+02
5.280000000000000000e+02
5.280000000000000000e+02
5.280000000000000000e+02
5.380000000000000000e+02
5.380000000000000000e+02
5.380000000000000000e+02
5.580000000000000000e+02
5.580000000000000000e+02
5.560000000000000000e+02
5.560000000000000000e+02
5.660000000000000000e+02
5.640000000000000000e+02
5.640000000000000000e+02
5.740000000000000000e+02
5.700000000000000000e+02
5.700000000000000000e+02
5.700000000000000000e+02
5.650000000000000000e+02
5.650000000000000000e+02
5.750000000000000000e+02
5.750000000000000000e+02
5.800000000000000000e+02
5.800000000000000000e+02
5.800000000000000000e+02
5.730000000000000000e+02
5.730000000000000000e+02
5.730000000000000000e+02
5.760000000000000000e+02
5.760000000000000000e+02
5.760000000000000000e+02
5.680000000000000000e+02
5.680000000000000000e+02
5.780000000000000000e+02
5.700000000000000000e+02
5.700000000000000000e+02
5.700000000000000000e+02
5.710000000000000000e+02
5.910000000000000000e+02
5.910000000000000000e+02
5.830000000000000000e+02
5.830000000000000000e+02
5.930000000000000000e+02
5.930000000000000000e+02
5.840000000000000000e+02
5.940000000000000000e+02
5.940000000000000000e+02
5.860000000000000000e+02
5.860000000000000000e+02
5.860000000000000000e+02
5.780000000000000000e+02
5.880000000000000000e+02
5.880000000000000000e+02
5.910000000000000000e+02
5.910000000000000000e+02
5.830000000000000000e+02
5.830000000000000000e+02
5.830000000000000000e+02
5.760000000000000000e+02
5.760000000000000000e+02
5.860000000000000000e+02
5.860000000000000000e+02
5.890000000000000000e+02
5.990000000000000000e+02
5.990000000000000000e+02
5.920000000000000000e+02
6.120000000000000000e+02
6.050000000000000000e+02
6.050000000000000000e+02
5.990000000000000000e+02
5.990000000000000000e+02
5.990000000000000000e+02
5.940000000000000000e+02
6.040000000000000000e+02
6.040000000000000000e+02
6.040000000000000000e+02
5.990000000000000000e+02
5.990000000000000000e+02
5.990000000000000000e+02
5.990000000000000000e+02
6.050000000000000000e+02
6.050000000000000000e+02
6.050000000000000000e+02
6.010000000000000000e+02
6.090000000000000000e+02
6.090000000000000000e+02
6.190000000000000000e+02
6.180000000000000000e+02
6.180000000000000000e+02
6.180000000000000000e+02
6.280000000000000000e+02
6.280000000000000000e+02
6.290000000000000000e+02
6.290000000000000000e+02
6.290000000000000000e+02
6.410000000000000000e+02
6.510000000000000000e+02
6.510000000000000000e+02
6.650000000000000000e+02
6.650000000000000000e+02
6.900000000000000000e+02
6.900000000000000000e+02
6.900000000000000000e+02
6.900000000000000000e+02
7.050000000000000000e+02
7.050000000000000000e+02
7.150000000000000000e+02
7.150000000000000000e+02
7.210000000000000000e+02
7.210000000000000000e+02
7.210000000000000000e+02
7.270000000000000000e+02
7.270000000000000000e+02
7.370000000000000000e+02
7.430000000000000000e+02
7.430000000000000000e+02
7.430000000000000000e+02
7.490000000000000000e+02
7.490000000000000000e+02
7.590000000000000000e+02
7.650000000000000000e+02
7.650000000000000000e+02
7.750000000000000000e+02
7.800000000000000000e+02
7.800000000000000000e+02
7.800000000000000000e+02
7.800000000000000000e+02
7.860000000000000000e+02
7.860000000000000000e+02
7.960000000000000000e+02
7.960000000000000000e+02
8.020000000000000000e+02
8.020000000000000000e+02
8.120000000000000000e+02
8.120000000000000000e+02
8.180000000000000000e+02
8.180000000000000000e+02
8.280000000000000000e+02
8.330000000000000000e+02
8.430000000000000000e+02
8.430000000000000000e+02
8.530000000000000000e+02
8.690000000000000000e+02
8.740000000000000000e+02
8.740000000000000000e+02
8.740000000000000000e+02
8.900000000000000000e+02
8.900000000000000000e+02
8.900000000000000000e+02
8.900000000000000000e+02
8.960000000000000000e+02
8.960000000000000000e+02
8.960000000000000000e+02
9.060000000000000000e+02
9.120000000000000000e+02
9.120000000000000000e+02
9.120000000000000000e+02
9.120000000000000000e+02
9.180000000000000000e+02
9.280000000000000000e+02
9.280000000000000000e+02
9.340000000000000000e+02
9.340000000000000000e+02
9.340000000000000000e+02
9.440000000000000000e+02
9.500000000000000000e+02
9.500000000000000000e+02
9.500000000000000000e+02
9.550000000000000000e+02
9.650000000000000000e+02
9.650000000000000000e+02
9.700000000000000000e+02
9.700000000000000000e+02
9.800000000000000000e+02
9.800000000000000000e+02
9.910000000000000000e+02
1.001000000000000000e+03
1.001000000000000000e+03
1.006000000000000000e+03
1.006000000000000000e+03
1.016000000000000000e+03
1.011000000000000000e+03
1.011000000000000000e+03
1.011000000000000000e+03
1.006000000000000000e+03
1.016000000000000000e+03
1.016000000000000000e+03
1.016000000000000000e+03
1.011000000000000000e+03
1.011000000000000000e+03
1.011000000000000000e+03
1.021000000000000000e+03
1.016000000000000000e+03
1.016000000000000000e+03
1.026000000000000000e+03
1.020000000000000000e+03
1.020000000000000000e+03
1.020000000000000000e+03
1.020000000000000000e+03
1.015000000000000000e+03
1.015000000000000000e+03
1.025000000000000000e+03
1.025000000000000000e+03
1.020000000000000000e+03
1.020000000000000000e+03
1.030000000000000000e+03
1.025000000000000000e+03
1.035000000000000000e+03
1.045000000000000000e+03
1.040000000000000000e+03
1.040000000000000000e+03
1.050000000000000000e+03
1.050000000000000000e+03
1.046000000000000000e+03
1.056000000000000000e+03
1.056000000000000000e+03
1.056000000000000000e+03
1.051000000000000000e+03
1.051000000000000000e+03
1.061000000000000000e+03
1.061000000000000000e+03
1.056000000000000000e+03
1.056000000000000000e+03
1.056000000000000000e+03
1.056000000000000000e+03
1.052000000000000000e+03
1.052000000000000000e+03
1.052000000000000000e+03
1.062000000000000000e+03
1.057000000000000000e+03
1.057000000000000000e+03
1.057000000000000000e+03
1.057000000000000000e+03
1.052000000000000000e+03
1.062000000000000000e+03
1.062000000000000000e+03
1.072000000000000000e+03
1.067000000000000000e+03
1.077000000000000000e+03
1.087000000000000000e+03
1.079000000000000000e+03
1.099000000000000000e+03
1.099000000000000000e+03
1.091000000000000000e+03
1.091000000000000000e+03
1.101000000000000000e+03
1.101000000000000000e+03
1.091000000000000000e+03
1.091000000000000000e+03
1.101000000000000000e+03
1.101000000000000000e+03
1.090000000000000000e+03
1.090000000000000000e+03
1.100000000000000000e+03
1.100000000000000000e+03
1.088000000000000000e+03
1.088000000000000000e+03
1.088000000000000000e+03
1.088000000000000000e+03
1.085000000000000000e+03
1.085000000000000000e+03
1.085000000000000000e+03
1.085000000000000000e+03
1.072000000000000000e+03
1.072000000000000000e+03
1.072000000000000000e+03
1.072000000000000000e+03
1.061000000000000000e+03
1.071000000000000000e+03
1.071000000000000000e+03
1.063000000000000000e+03
1.063000000000000000e+03
1.073000000000000000e+03
1.073000000000000000e+03
1.064000000000000000e+03
1.064000000000000000e+03
1.064000000000000000e+03
1.056000000000000000e+03
1.056000000000000000e+03
1.056000000000000000e+03
1.057000000000000000e+03
1.077000000000000000e+03
1.077000000000000000e+03
1.078000000000000000e+03
1.078000000000000000e+03
1.078000000000000000e+03
1.068000000000000000e+03
1.068000000000000000e+03
1.078000000000000000e+03
1.078000000000000000e+03
1.069000000000000000e+03
1.068000000000000000e+03
1.068000000000000000e+03
1.068000000000000000e+03
1.066000000000000000e+03
1.066000000000000000e+03
1.066000000000000000e+03
1.066000000000000000e+03
1.062000000000000000e+03
1.062000000000000000e+03
1.062000000000000000e+03
1.062000000000000000e+03
1.048000000000000000e+03
1.058000000000000000e+03
1.058000000000000000e+03
1.058000000000000000e+03
1.053000000000000000e+03
1.053000000000000000e+03
1.053000000000000000e+03
1.053000000000000000e+03
1.038000000000000000e+03
1.048000000000000000e+03
1.048000000000000000e+03
1.033000000000000000e+03
1.033000000000000000e+03
1.033000000000000000e+03
1.043000000000000000e+03
1.038000000000000000e+03
1.038000000000000000e+03
1.023000000000000000e+03
1.023000000000000000e+03
1.033000000000000000e+03
1.019000000000000000e+03
1.019000000000000000e+03
1.019000000000000000e+03
1.019000000000000000e+03
1.004000000000000000e+03
1.014000000000000000e+03
1.014000000000000000e+03
1.014000000000000000e+03
1.010000000000000000e+03
1.010000000000000000e+03
1.010000000000000000e+03
1.010000000000000000e+03
9.960000000000000000e+02
9.960000000000000000e+02
9.960000000000000000e+02
1.006000000000000000e+03
9.880000000000000000e+02
1.008000000000000000e+03
1.008000000000000000e+03
1.000000000000000000e+03
1.000000000000000000e+03
9.840000000000000000e+02
9.940000000000000000e+02
9.940000000000000000e+02
9.800000000000000000e+02
9.800000000000000000e+02
9.900000000000000000e+02
9.900000000000000000e+02
9.750000000000000000e+02
9.750000000000000000e+02
9.750000000000000000e+02
9.610000000000000000e+02
9.710000000000000000e+02
9.710000000000000000e+02
9.710000000000000000e+02
9.570000000000000000e+02
9.570000000000000000e+02
9.670000000000000000e+02
9.540000000000000000e+02
9.540000000000000000e+02
9.540000000000000000e+02
9.410000000000000000e+02
9.410000000000000000e+02
9.390000000000000000e+02
9.490000000000000000e+02
9.590000000000000000e+02
9.480000000000000000e+02
9.480000000000000000e+02
9.480000000000000000e+02
9.380000000000000000e+02
9.580000000000000000e+02
9.450000000000000000e+02
9.550000000000000000e+02
9.420000000000000000e+02
9.420000000000000000e+02
9.420000000000000000e+02
9.420000000000000000e+02
9.290000000000000000e+02
9.390000000000000000e+02
9.490000000000000000e+02
9.490000000000000000e+02
9.370000000000000000e+02
9.470000000000000000e+02
9.440000000000000000e+02
9.440000000000000000e+02
9.300000000000000000e+02
9.300000000000000000e+02
9.300000000000000000e+02
9.270000000000000000e+02
9.270000000000000000e+02
9.270000000000000000e+02
9.370000000000000000e+02
9.230000000000000000e+02
9.230000000000000000e+02
9.090000000000000000e+02
9.090000000000000000e+02
9.190000000000000000e+02
9.190000000000000000e+02
9.070000000000000000e+02
9.070000000000000000e+02
9.070000000000000000e+02
8.950000000000000000e+02
8.950000000000000000e+02
9.050000000000000000e+02
9.050000000000000000e+02
8.950000000000000000e+02
8.950000000000000000e+02
9.050000000000000000e+02
8.930000000000000000e+02
8.930000000000000000e+02
9.030000000000000000e+02
8.910000000000000000e+02
8.910000000000000000e+02
9.010000000000000000e+02
8.900000000000000000e+02
8.900000000000000000e+02
9.000000000000000000e+02
8.990000000000000000e+02
8.990000000000000000e+02
8.990000000000000000e+02
8.990000000000000000e+02
8.960000000000000000e+02
8.960000000000000000e+02
8.960000000000000000e+02
8.820000000000000000e+02
8.820000000000000000e+02
8.920000000000000000e+02
8.760000000000000000e+02
8.760000000000000000e+02
8.600000000000000000e+02
8.700000000000000000e+02
8.700000000000000000e+02
8.530000000000000000e+02
8.530000000000000000e+02
8.370000000000000000e+02
8.470000000000000000e+02
8.470000000000000000e+02
8.310000000000000000e+02
8.310000000000000000e+02
8.160000000000000000e+02
8.160000000000000000e+02
8.160000000000000000e+02
8.160000000000000000e+02
8.240000000000000000e+02
8.340000000000000000e+02
8.210000000000000000e+02
8.310000000000000000e+02
8.310000000000000000e+02
8.180000000000000000e+02
8.280000000000000000e+02
8.150000000000000000e+02
8.250000000000000000e+02
8.110000000000000000e+02
7.970000000000000000e+02
7.830000000000000000e+02
7.830000000000000000e+02
8.030000000000000000e+02
7.900000000000000000e+02
7.900000000000000000e+02
7.900000000000000000e+02
7.870000000000000000e+02
7.970000000000000000e+02
7.850000000000000000e+02
7.850000000000000000e+02
7.750000000000000000e+02
7.750000000000000000e+02
7.850000000000000000e+02
7.760000000000000000e+02
7.760000000000000000e+02
7.680000000000000000e+02
7.690000000000000000e+02
7.690000000000000000e+02
7.690000000000000000e+02
7.590000000000000000e+02
7.590000000000000000e+02
7.490000000000000000e+02
7.590000000000000000e+02
7.590000000000000000e+02
7.590000000000000000e+02
7.480000000000000000e+02
7.480000000000000000e+02
7.480000000000000000e+02
7.370000000000000000e+02
7.470000000000000000e+02
7.360000000000000000e+02
7.460000000000000000e+02
7.460000000000000000e+02
7.360000000000000000e+02
7.460000000000000000e+02
7.460000000000000000e+02
7.570000000000000000e+02
7.570000000000000000e+02
7.570000000000000000e+02
7.570000000000000000e+02
7.580000000000000000e+02
7.580000000000000000e+02
7.580000000000000000e+02
7.590000000000000000e+02
7.590000000000000000e+02
7.590000000000000000e+02
7.590000000000000000e+02
7.510000000000000000e+02
7.510000000000000000e+02
7.510000000000000000e+02
7.510000000000000000e+02
7.510000000000000000e+02
7.510000000000000000e+02
7.510000000000000000e+02
7.520000000000000000e+02
7.520000000000000000e+02
7.520000000000000000e+02
7.520000000000000000e+02
7.420000000000000000e+02
7.420000000000000000e+02
7.420000000000000000e+02
7.520000000000000000e+02
7.410000000000000000e+02
7.410000000000000000e+02
7.510000000000000000e+02
7.510000000000000000e+02
7.500000000000000000e+02
7.500000000000000000e+02
7.500000000000000000e+02
7.500000000000000000e+02
7.500000000000000000e+02
7.600000000000000000e+02
7.510000000000000000e+02
7.510000000000000000e+02
7.540000000000000000e+02
7.540000000000000000e+02
7.540000000000000000e+02
7.460000000000000000e+02
7.560000000000000000e+02
7.560000000000000000e+02
7.490000000000000000e+02
7.590000000000000000e+02
7.790000000000000000e+02
7.790000000000000000e+02
7.720000000000000000e+02
7.720000000000000000e+02
7.720000000000000000e+02
7.650000000000000000e+02
7.650000000000000000e+02
7.750000000000000000e+02
7.750000000000000000e+02
7.680000000000000000e+02
7.680000000000000000e+02
7.780000000000000000e+02
7.690000000000000000e+02
7.690000000000000000e+02
7.690000000000000000e+02
7.700000000000000000e+02
7.700000000000000000e+02
7.700000000000000000e+02
7.610000000000000000e+02
7.610000000000000000e+02
7.620000000000000000e+02
7.620000000000000000e+02
7.620000000000000000e+02
7.640000000000000000e+02
7.640000000000000000e+02
7.840000000000000000e+02
7.840000000000000000e+02
7.760000000000000000e+02
7.860000000000000000e+02
7.860000000000000000e+02
7.860000000000000000e+02
7.790000000000000000e+02
7.890000000000000000e+02
7.890000000000000000e+02
7.810000000000000000e+02
7.810000000000000000e+02
7.810000000000000000e+02
7.810000000000000000e+02
7.820000000000000000e+02
7.820000000000000000e+02
7.820000000000000000e+02
7.730000000000000000e+02
7.730000000000000000e+02
7.730000000000000000e+02
7.630000000000000000e+02
7.630000000000000000e+02
7.730000000000000000e+02
7.730000000000000000e+02
7.620000000000000000e+02
7.620000000000000000e+02
7.620000000000000000e+02
7.720000000000000000e+02
7.820000000000000000e+02
7.820000000000000000e+02
7.730000000000000000e+02
7.730000000000000000e+02
7.730000000000000000e+02
7.750000000000000000e+02
7.750000000000000000e+02
7.750000000000000000e+02
7.850000000000000000e+02
7.780000000000000000e+02
7.780000000000000000e+02
7.880000000000000000e+02
7.820000000000000000e+02
7.820000000000000000e+02
7.820000000000000000e+02
7.750000000000000000e+02
7.750000000000000000e+02
7.750000000000000000e+02
7.780000000000000000e+02
7.800000000000000000e+02
7.800000000000000000e+02
7.800000000000000000e+02
7.710000000000000000e+02
7.710000000000000000e+02
7.810000000000000000e+02
7.840000000000000000e+02
7.840000000000000000e+02
7.840000000000000000e+02
7.880000000000000000e+02
7.880000000000000000e+02
7.880000000000000000e+02
7.980000000000000000e+02
7.930000000000000000e+02
7.930000000000000000e+02
7.930000000000000000e+02
7.930000000000000000e+02
7.890000000000000000e+02
7.890000000000000000e+02
7.890000000000000000e+02
7.940000000000000000e+02
7.940000000000000000e+02
7.940000000000000000e+02
7.880000000000000000e+02
7.880000000000000000e+02
7.880000000000000000e+02
7.810000000000000000e+02
7.910000000000000000e+02
7.910000000000000000e+02
7.950000000000000000e+02
8.050000000000000000e+02
8.100000000000000000e+02
8.170000000000000000e+02
8.170000000000000000e+02
8.270000000000000000e+02
8.270000000000000000e+02
8.240000000000000000e+02
8.240000000000000000e+02
8.240000000000000000e+02
8.310000000000000000e+02
8.310000000000000000e+02
8.310000000000000000e+02
8.270000000000000000e+02
8.370000000000000000e+02
8.370000000000000000e+02
8.370000000000000000e+02
8.310000000000000000e+02
8.310000000000000000e+02
8.310000000000000000e+02
8.330000000000000000e+02
8.330000000000000000e+02
8.330000000000000000e+02
8.280000000000000000e+02
8.280000000000000000e+02
8.280000000000000000e+02
8.270000000000000000e+02
8.370000000000000000e+02
8.370000000000000000e+02
8.470000000000000000e+02
8.440000000000000000e+02
8.440000000000000000e+02
8.640000000000000000e+02
8.640000000000000000e+02
8.600000000000000000e+02
8.600000000000000000e+02
8.600000000000000000e+02
8.600000000000000000e+02
8.560000000000000000e+02
8.660000000000000000e+02
8.660000000000000000e+02
8.760000000000000000e+02
8.710000000000000000e+02
8.710000000000000000e+02
8.590000000000000000e+02
8.590000000000000000e+02
8.590000000000000000e+02
8.690000000000000000e+02
8.530000000000000000e+02
8.530000000000000000e+02
8.730000000000000000e+02
8.730000000000000000e+02
8.680000000000000000e+02
8.680000000000000000e+02
8.670000000000000000e+02
8.670000000000000000e+02
8.670000000000000000e+02
8.670000000000000000e+02
8.600000000000000000e+02
8.600000000000000000e+02
8.530000000000000000e+02
8.730000000000000000e+02
8.730000000000000000e+02
8.610000000000000000e+02
8.610000000000000000e+02
8.610000000000000000e+02
8.480000000000000000e+02
8.480000000000000000e+02
8.580000000000000000e+02
8.480000000000000000e+02
8.580000000000000000e+02
8.500000000000000000e+02
8.600000000000000000e+02
8.600000000000000000e+02
8.510000000000000000e+02
8.510000000000000000e+02
8.710000000000000000e+02
8.560000000000000000e+02
8.560000000000000000e+02
8.590000000000000000e+02
8.590000000000000000e+02
8.590000000000000000e+02
8.440000000000000000e+02
8.540000000000000000e+02
8.540000000000000000e+02
8.540000000000000000e+02
8.500000000000000000e+02
8.500000000000000000e+02
8.500000000000000000e+02
8.460000000000000000e+02
8.460000000000000000e+02
8.460000000000000000e+02
8.460000000000000000e+02
8.290000000000000000e+02
8.390000000000000000e+02
8.390000000000000000e+02
8.190000000000000000e+02
8.190000000000000000e+02
8.190000000000000000e+02
7.990000000000000000e+02
7.990000000000000000e+02
7.990000000000000000e+02
7.990000000000000000e+02
7.950000000000000000e+02
7.950000000000000000e+02
7.910000000000000000e+02
7.700000000000000000e+02
7.490000000000000000e+02
7.490000000000000000e+02
7.370000000000000000e+02
7.150000000000000000e+02
7.020000000000000000e+02
7.020000000000000000e+02
7.020000000000000000e+02
6.880000000000000000e+02
6.880000000000000000e+02
6.980000000000000000e+02
7.080000000000000000e+02
6.850000000000000000e+02
6.640000000000000000e+02
6.640000000000000000e+02
6.740000000000000000e+02
6.840000000000000000e+02
6.640000000000000000e+02
6.640000000000000000e+02
6.640000000000000000e+02
6.430000000000000000e+02
6.430000000000000000e+02
6.530000000000000000e+02
6.310000000000000000e+02
6.310000000000000000e+02
6.310000000000000000e+02
6.310000000000000000e+02
6.150000000000000000e+02
6.150000000000000000e+02
6.150000000000000000e+02
6.250000000000000000e+02
6.120000000000000000e+02
6.120000000000000000e+02
6.120000000000000000e+02
6.110000000000000000e+02
6.110000000000000000e+02
6.010000000000000000e+02
6.010000000000000000e+02
6.210000000000000000e+02
6.310000000000000000e+02
6.180000000000000000e+02
6.280000000000000000e+02
6.280000000000000000e+02
6.280000000000000000e+02
6.110000000000000000e+02
6.110000000000000000e+02
6.110000000000000000e+02
6.000000000000000000e+02
6.000000000000000000e+02
6.000000000000000000e+02
6.000000000000000000e+02
5.750000000000000000e+02
5.850000000000000000e+02
5.850000000000000000e+02
5.670000000000000000e+02
5.670000000000000000e+02
5.770000000000000000e+02
5.870000000000000000e+02
5.600000000000000000e+02
5.600000000000000000e+02
5.600000000000000000e+02
5.370000000000000000e+02
5.470000000000000000e+02
5.470000000000000000e+02
5.310000000000000000e+02
5.310000000000000000e+02
5.310000000000000000e+02
5.310000000000000000e+02
5.230000000000000000e+02
5.230000000000000000e+02
5.230000000000000000e+02
5.060000000000000000e+02
5.160000000000000000e+02
5.160000000000000000e+02
5.160000000000000000e+02
4.990000000000000000e+02
4.990000000000000000e+02
4.990000000000000000e+02
4.830000000000000000e+02
4.930000000000000000e+02
4.930000000000000000e+02
5.030000000000000000e+02
4.870000000000000000e+02
4.970000000000000000e+02
4.970000000000000000e+02
4.970000000000000000e+02
4.890000000000000000e+02
4.890000000000000000e+02
4.890000000000000000e+02
4.700000000000000000e+02
4.700000000000000000e+02
4.590000000000000000e+02
4.590000000000000000e+02
4.590000000000000000e+02
4.390000000000000000e+02
4.390000000000000000e+02
4.300000000000000000e+02
4.300000000000000000e+02
4.300000000000000000e+02
4.120000000000000000e+02
4.120000000000000000e+02
4.120000000000000000e+02
4.120000000000000000e+02
4.030000000000000000e+02
4.030000000000000000e+02
4.030000000000000000e+02
3.840000000000000000e+02
3.940000000000000000e+02
3.940000000000000000e+02
3.850000000000000000e+02
3.950000000000000000e+02
4.050000000000000000e+02
3.850000000000000000e+02
3.850000000000000000e+02
3.950000000000000000e+02
3.740000000000000000e+02
3.530000000000000000e+02
3.530000000000000000e+02
3.530000000000000000e+02
3.310000000000000000e+02
3.310000000000000000e+02
3.310000000000000000e+02
3.180000000000000000e+02
3.180000000000000000e+02
2.970000000000000000e+02
2.870000000000000000e+02
2.870000000000000000e+02
2.970000000000000000e+02
2.870000000000000000e+02
2.970000000000000000e+02
2.750000000000000000e+02
2.750000000000000000e+02
2.750000000000000000e+02
2.510000000000000000e+02
2.610000000000000000e+02
2.610000000000000000e+02
2.370000000000000000e+02
2.470000000000000000e+02
2.470000000000000000e+02
2.470000000000000000e+02
2.240000000000000000e+02
2.240000000000000000e+02
2.240000000000000000e+02
2.110000000000000000e+02
2.110000000000000000e+02
1.950000000000000000e+02
1.950000000000000000e+02
1.700000000000000000e+02
1.700000000000000000e+02
1.800000000000000000e+02
1.800000000000000000e+02
1.680000000000000000e+02
1.680000000000000000e+02
1.550000000000000000e+02
1.550000000000000000e+02
1.550000000000000000e+02
1.650000000000000000e+02
1.420000000000000000e+02
1.420000000000000000e+02
1.420000000000000000e+02
1.280000000000000000e+02
1.280000000000000000e+02
1.280000000000000000e+02
1.050000000000000000e+02
1.050000000000000000e+02
1.050000000000000000e+02
8.200000000000000000e+01
9.200000000000000000e+01
9.200000000000000000e+01
7.000000000000000000e+01
8.000000000000000000e+01
8.000000000000000000e+01
5.700000000000000000e+01
5.700000000000000000e+01
3.400000000000000000e+01
4.400000000000000000e+01
4.000000000000000000e+01
1.500000000000000000e+01
2.500000000000000000e+01
2.500000000000000000e+01
0.000000000000000000e+00
-1.500000000000000000e+01
-1.500000000000000000e+01
-3.900000000000000000e+01
-2.900000000000000000e+01
-5.100000000000000000e+01
-5.100000000000000000e+01
-4.100000000000000000e+01
-4.100000000000000000e+01
-6.100000000000000000e+01
-6.100000000000000000e+01
-7.400000000000000000e+01
-7.400000000000000000e+01
-6.400000000000000000e+01
-6.400000000000000000e+01
-7.600000000000000000e+01
-6.600000000000000000e+01
-7.900000000000000000e+01
-7.900000000000000000e+01
-7.900000000000000000e+01
-7.300000000000000000e+01
-7.300000000000000000e+01
-7.300000000000000000e+01
-8.800000000000000000e+01
-8.800000000000000000e+01
-8.800000000000000000e+01
-1.050000000000000000e+02
-9.500000000000000000e+01
-8.500000000000000000e+01
-1.030000000000000000e+02
-1.030000000000000000e+02
-1.210000000000000000e+02
-1.210000000000000000e+02
-1.210000000000000000e+02
-1.300000000000000000e+02
-1.300000000000000000e+02
-1.300000000000000000e+02
-1.200000000000000000e+02
-1.340000000000000000e+02
-1.460000000000000000e+02
-1.460000000000000000e+02
-1.460000000000000000e+02
-1.460000000000000000e+02
-1.460000000000000000e+02
-1.540000000000000000e+02
-1.540000000000000000e+02
-1.540000000000000000e+02
-1.500000000000000000e+02
-1.500000000000000000e+02
-1.500000000000000000e+02
-1.550000000000000000e+02
-1.450000000000000000e+02
-1.450000000000000000e+02
-1.500000000000000000e+02
-1.500000000000000000e+02
-1.400000000000000000e+02
-1.440000000000000000e+02
-1.340000000000000000e+02
-1.240000000000000000e+02
-1.240000000000000000e+02
-1.290000000000000000e+02
-1.290000000000000000e+02
-1.190000000000000000e+02
-1.190000000000000000e+02
-1.240000000000000000e+02
-1.140000000000000000e+02
-1.140000000000000000e+02
-1.140000000000000000e+02
-1.220000000000000000e+02
-1.220000000000000000e+02
-1.220000000000000000e+02
-1.220000000000000000e+02
-1.120000000000000000e+02
-1.220000000000000000e+02
-1.220000000000000000e+02
-1.220000000000000000e+02
-1.340000000000000000e+02
-1.240000000000000000e+02
-1.350000000000000000e+02
-1.250000000000000000e+02
-1.350000000000000000e+02
-1.250000000000000000e+02
-1.150000000000000000e+02
-1.250000000000000000e+02
-1.240000000000000000e+02
-1.340000000000000000e+02
-1.340000000000000000e+02
-1.340000000000000000e+02
-1.440000000000000000e+02
-1.340000000000000000e+02
-1.430000000000000000e+02
-1.430000000000000000e+02
-1.520000000000000000e+02
-1.520000000000000000e+02
-1.510000000000000000e+02
-1.510000000000000000e+02
-1.510000000000000000e+02
-1.410000000000000000e+02
-1.500000000000000000e+02
-1.400000000000000000e+02
-1.300000000000000000e+02
-1.380000000000000000e+02
-1.280000000000000000e+02
-1.280000000000000000e+02
-1.350000000000000000e+02
-1.350000000000000000e+02
-1.350000000000000000e+02
-1.300000000000000000e+02
-1.340000000000000000e+02
-1.340000000000000000e+02
-1.340000000000000000e+02
-1.270000000000000000e+02
-1.270000000000000000e+02
-1.270000000000000000e+02
-1.300000000000000000e+02
-1.300000000000000000e+02
-1.300000000000000000e+02
-1.200000000000000000e+02
-1.220000000000000000e+02
-1.220000000000000000e+02
-1.120000000000000000e+02
-1.120000000000000000e+02
-1.160000000000000000e+02
-1.160000000000000000e+02
-1.160000000000000000e+02
-1.220000000000000000e+02
-1.220000000000000000e+02
-1.190000000000000000e+02
-1.190000000000000000e+02
-1.090000000000000000e+02
-9.900000000000000000e+01
-1.070000000000000000e+02
-1.070000000000000000e+02
-9.700000000000000000e+01
-1.060000000000000000e+02
-1.060000000000000000e+02
-1.060000000000000000e+02
-1.060000000000000000e+02
-1.060000000000000000e+02
-1.170000000000000000e+02
-1.170000000000000000e+02
-1.070000000000000000e+02
-1.170000000000000000e+02
-1.170000000000000000e+02
-1.170000000000000000e+02
-1.260000000000000000e+02
-1.160000000000000000e+02
-1.240000000000000000e+02
-1.240000000000000000e+02
-1.300000000000000000e+02
-1.300000000000000000e+02
-1.300000000000000000e+02
-1.300000000000000000e+02
-1.350000000000000000e+02
-1.350000000000000000e+02
-1.350000000000000000e+02
-1.390000000000000000e+02
-1.390000000000000000e+02
-1.390000000000000000e+02
-1.390000000000000000e+02
-1.430000000000000000e+02
-1.430000000000000000e+02
-1.430000000000000000e+02
-1.460000000000000000e+02
-1.360000000000000000e+02
-1.380000000000000000e+02
-1.390000000000000000e+02
-1.390000000000000000e+02
-1.410000000000000000e+02
-1.410000000000000000e+02
-1.310000000000000000e+02
-1.310000000000000000e+02
-1.350000000000000000e+02
-1.350000000000000000e+02
-1.350000000000000000e+02
-1.350000000000000000e+02
-1.410000000000000000e+02
-1.410000000000000000e+02
-1.490000000000000000e+02
-1.490000000000000000e+02
-1.490000000000000000e+02
-1.490000000000000000e+02
-1.580000000000000000e+02
-1.580000000000000000e+02
-1.700000000000000000e+02
-1.700000000000000000e+02
-1.700000000000000000e+02
-1.800000000000000000e+02
-1.800000000000000000e+02
-1.860000000000000000e+02
-1.860000000000000000e+02
-1.890000000000000000e+02
-1.890000000000000000e+02
-1.890000000000000000e+02
0.000000000000000000e+00
