1.300000000000000000e+01
1.300000000000000000e+01
1.300000000000000000e+01
1.300000000000000000e+01
2.300000000000000000e+01
2.300000000000000000e+01
3.300000000000000000e+01
3.300000000000000000e+01
3.300000000000000000e+01
3.300000000000000000e+01
4.300000000000000000e+01
4.300000000000000000e+01
5.300000000000000000e+01
5.300000000000000000e+01
5.300000000000000000e+01
6.300000000000000000e+01
7.300000000000000000e+01
7.300000000000000000e+01
7.300000000000000000e+01
7.300000000000000000e+01
8.300000000000000000e+01
8.300000000000000000e+01
8.300000000000000000e+01
8.300000000000000000e+01
9.300000000000000000e+01
9.300000000000000000e+01
9.300000000000000000e+01
1.030000000000000000e+02
1.030000000000000000e+02
1.030000000000000000e+02
1.130000000000000000e+02
1.130000000000000000e+02
1.130000000000000000e+02
1.230000000000000000e+02
1.230000000000000000e+02
1.230000000000000000e+02
1.330000000000000000e+02
1.330000000000000000e+02
1.330000000000000000e+02
1.330000000000000000e+02
1.330000000000000000e+02
1.330000000000000000e+02
1.430000000000000000e+02
1.530000000000000000e+02
1.530000000000000000e+02
1.730000000000000000e+02
1.730000000000000000e+02
1.930000000000000000e+02
1.930000000000000000e+02
1.930000000000000000e+02
2.020000000000000000e+02
2.020000000000000000e+02
2.020000000000000000e+02
2.020000000000000000e+02
2.010000000000000000e+02
2.010000000000000000e+02
2.110000000000000000e+02
2.070000000000000000e+02
2.070000000000000000e+02
2.070000000000000000e+02
2.070000000000000000e+02
2.130000000000000000e+02
2.130000000000000000e+02
2.130000000000000000e+02
2.080000000000000000e+02
2.080000000000000000e+02
2.180000000000000000e+02
2.180000000000000000e+02
2.210000000000000000e+02
2.210000000000000000e+02
2.310000000000000000e+02
2.410000000000000000e+02
2.330000000000000000e+02
2.530000000000000000e+02
2.530000000000000000e+02
2.530000000000000000e+02
2.450000000000000000e+02
2.550000000000000000e+02
2.550000000000000000e+02
2.550000000000000000e+02
2.540000000000000000e+02
2.540000000000000000e+02
2.540000000000000000e+02
2.430000000000000000e+02
2.530000000000000000e+02
2.530000000000000000e+02
2.630000000000000000e+02
2.510000000000000000e+02
2.510000000000000000e+02
2.510000000000000000e+02
2.510000000000000000e+02
2.370000000000000000e+02
2.470000000000000000e+02
2.670000000000000000e+02
2.670000000000000000e+02
2.520000000000000000e+02
2.520000000000000000e+02
2.520000000000000000e+02
2.620000000000000000e+02
2.560000000000000000e+02
2.560000000000000000e+02
2.560000000000000000e+02
2.660000000000000000e+02
2.490000000000000000e+02
2.490000000000000000e+02
2.310000000000000000e+02
2.510000000000000000e+02
2.510000000000000000e+02
2.310000000000000000e+02
2.410000000000000000e+02
2.410000000000000000e+02
2.410000000000000000e+02
2.200000000000000000e+02
2.200000000000000000e+02
2.200000000000000000e+02
2.090000000000000000e+02
2.090000000000000000e+02
2.090000000000000000e+02
1.960000000000000000e+02
1.960000000000000000e+02
2.160000000000000000e+02
2.160000000000000000e+02
1.910000000000000000e+02
2.010000000000000000e+02
2.070000000000000000e+02
2.070000000000000000e+02
1.810000000000000000e+02
1.910000000000000000e+02
1.910000000000000000e+02
1.910000000000000000e+02
1.650000000000000000e+02
1.650000000000000000e+02
1.650000000000000000e+02
1.650000000000000000e+02
1.480000000000000000e+02
1.480000000000000000e+02
1.480000000000000000e+02
1.480000000000000000e+02
1.310000000000000000e+02
1.310000000000000000e+02
1.410000000000000000e+02
1.410000000000000000e+02
1.320000000000000000e+02
1.420000000000000000e+02
1.620000000000000000e+02
1.330000000000000000e+02
1.020000000000000000e+02
1.020000000000000000e+02
1.120000000000000000e+02
1.220000000000000000e+02
9.100000000000000000e+01
9.100000000000000000e+01
1.010000000000000000e+02
6.800000000000000000e+01
7.800000000000000000e+01
7.800000000000000000e+01
4.500000000000000000e+01
5.500000000000000000e+01
5.500000000000000000e+01
3.000000000000000000e+01
3.000000000000000000e+01
5.000000000000000000e+00
5.000000000000000000e+00
1.500000000000000000e+01
-2.200000000000000000e+01
-2.000000000000000000e+00
-2.900000000000000000e+01
-2.900000000000000000e+01
-2.900000000000000000e+01
-6.800000000000000000e+01
-5.800000000000000000e+01
-4.800000000000000000e+01
-8.700000000000000000e+01
-8.700000000000000000e+01
-7.700000000000000000e+01
-7.700000000000000000e+01
-1.070000000000000000e+02
-1.070000000000000000e+02
-9.700000000000000000e+01
-9.700000000000000000e+01
-1.290000000000000000e+02
-1.290000000000000000e+02
-1.290000000000000000e+02
-1.290000000000000000e+02
-1.610000000000000000e+02
-1.610000000000000000e+02
-1.610000000000000000e+02
-2.040000000000000000e+02
-1.940000000000000000e+02
-1.940000000000000000e+02
-1.940000000000000000e+02
-2.270000000000000000e+02
-2.170000000000000000e+02
-2.170000000000000000e+02
-2.170000000000000000e+02
-2.610000000000000000e+02
-2.610000000000000000e+02
-2.610000000000000000e+02
-2.510000000000000000e+02
-2.950000000000000000e+02
-2.850000000000000000e+02
-2.750000000000000000e+02
-2.750000000000000000e+02
-3.090000000000000000e+02
-3.090000000000000000e+02
-3.090000000000000000e+02
-3.090000000000000000e+02
-3.440000000000000000e+02
-3.440000000000000000e+02
-3.340000000000000000e+02
-3.340000000000000000e+02
-3.800000000000000000e+02
-3.500000000000000000e+02
-3.300000000000000000e+02
-3.770000000000000000e+02
-3.770000000000000000e+02
-3.670000000000000000e+02
-4.040000000000000000e+02
-4.040000000000000000e+02
-4.040000000000000000e+02
-3.940000000000000000e+02
-4.420000000000000000e+02
-4.420000000000000000e+02
-4.320000000000000000e+02
-4.810000000000000000e+02
-4.710000000000000000e+02
-4.710000000000000000e+02
-4.710000000000000000e+02
-5.200000000000000000e+02
-5.200000000000000000e+02
-4.900000000000000000e+02
-4.900000000000000000e+02
-5.290000000000000000e+02
-5.290000000000000000e+02
-5.190000000000000000e+02
-5.680000000000000000e+02
-5.680000000000000000e+02
-5.580000000000000000e+02
-6.070000000000000000e+02
-6.070000000000000000e+02
-6.070000000000000000e+02
-6.560000000000000000e+02
-6.460000000000000000e+02
-6.360000000000000000e+02
-6.360000000000000000e+02
-6.760000000000000000e+02
-6.760000000000000000e+02
-6.760000000000000000e+02
-7.270000000000000000e+02
-7.270000000000000000e+02
-7.170000000000000000e+02
-7.680000000000000000e+02
-7.680000000000000000e+02
-7.680000000000000000e+02
-8.100000000000000000e+02
-8.100000000000000000e+02
-8.000000000000000000e+02
-8.530000000000000000e+02
-8.530000000000000000e+02
-8.530000000000000000e+02
-8.870000000000000000e+02
-8.670000000000000000e+02
-8.670000000000000000e+02
-9.220000000000000000e+02
-9.120000000000000000e+02
-9.020000000000000000e+02
-8.920000000000000000e+02
-9.480000000000000000e+02
-9.480000000000000000e+02
-9.480000000000000000e+02
-9.940000000000000000e+02
-9.940000000000000000e+02
-9.940000000000000000e+02
-1.051000000000000000e+03
-1.041000000000000000e+03
-1.041000000000000000e+03
-1.089000000000000000e+03
-1.089000000000000000e+03
-1.148000000000000000e+03
-1.148000000000000000e+03
-1.138000000000000000e+03
-1.198000000000000000e+03
-1.198000000000000000e+03
-1.188000000000000000e+03
-1.188000000000000000e+03
-1.237000000000000000e+03
-1.217000000000000000e+03
-1.207000000000000000e+03
-1.268000000000000000e+03
-1.258000000000000000e+03
-1.320000000000000000e+03
-1.320000000000000000e+03
-1.372000000000000000e+03
-1.372000000000000000e+03
-1.372000000000000000e+03
-1.436000000000000000e+03
-1.426000000000000000e+03
-1.426000000000000000e+03
-1.426000000000000000e+03
-1.490000000000000000e+03
-1.480000000000000000e+03
-1.480000000000000000e+03
-1.480000000000000000e+03
-1.533000000000000000e+03
-1.533000000000000000e+03
-1.533000000000000000e+03
-1.588000000000000000e+03
-1.643000000000000000e+03
-1.643000000000000000e+03
-1.633000000000000000e+03
-1.697000000000000000e+03
-1.697000000000000000e+03
-1.697000000000000000e+03
-1.751000000000000000e+03
-1.751000000000000000e+03
-1.805000000000000000e+03
-1.805000000000000000e+03
-1.805000000000000000e+03
-1.859000000000000000e+03
-1.849000000000000000e+03
-1.849000000000000000e+03
-1.893000000000000000e+03
-1.883000000000000000e+03
-1.926000000000000000e+03
-1.926000000000000000e+03
-1.926000000000000000e+03
-1.926000000000000000e+03
-1.968000000000000000e+03
-1.968000000000000000e+03
-1.958000000000000000e+03
-1.958000000000000000e+03
-2.020000000000000000e+03
-2.020000000000000000e+03
-2.010000000000000000e+03
-2.072000000000000000e+03
-2.072000000000000000e+03
-2.072000000000000000e+03
-2.134000000000000000e+03
-2.134000000000000000e+03
-2.124000000000000000e+03
-2.187000000000000000e+03
-2.187000000000000000e+03
-2.177000000000000000e+03
-2.240000000000000000e+03
-2.240000000000000000e+03
-2.230000000000000000e+03
-2.293000000000000000e+03
-2.293000000000000000e+03
-2.293000000000000000e+03
-2.283000000000000000e+03
-2.347000000000000000e+03
-2.347000000000000000e+03
-2.337000000000000000e+03
-2.337000000000000000e+03
-2.402000000000000000e+03
-2.402000000000000000e+03
-2.392000000000000000e+03
-2.392000000000000000e+03
-2.458000000000000000e+03
-2.448000000000000000e+03
-2.428000000000000000e+03
-2.495000000000000000e+03
-2.485000000000000000e+03
-2.485000000000000000e+03
-2.475000000000000000e+03
-2.532000000000000000e+03
-2.601000000000000000e+03
-2.601000000000000000e+03
-2.601000000000000000e+03
-2.651000000000000000e+03
-2.651000000000000000e+03
-2.651000000000000000e+03
-2.651000000000000000e+03
-2.712000000000000000e+03
-2.712000000000000000e+03
-2.712000000000000000e+03
-2.712000000000000000e+03
-2.784000000000000000e+03
-2.784000000000000000e+03
-2.774000000000000000e+03
-2.774000000000000000e+03
-2.846000000000000000e+03
-2.836000000000000000e+03
-2.836000000000000000e+03
-2.909000000000000000e+03
-2.909000000000000000e+03
-2.909000000000000000e+03
-2.899000000000000000e+03
-2.973000000000000000e+03
-2.973000000000000000e+03
-2.963000000000000000e+03
-3.037000000000000000e+03
-3.027000000000000000e+03
-3.027000000000000000e+03
-3.102000000000000000e+03
-3.102000000000000000e+03
-3.082000000000000000e+03
-3.082000000000000000e+03
-3.123000000000000000e+03
-3.113000000000000000e+03
-3.113000000000000000e+03
-3.143000000000000000e+03
-3.143000000000000000e+03
-3.133000000000000000e+03
-3.173000000000000000e+03
-3.163000000000000000e+03
-3.163000000000000000e+03
-3.203000000000000000e+03
-3.193000000000000000e+03
-3.193000000000000000e+03
-3.183000000000000000e+03
-3.223000000000000000e+03
-3.223000000000000000e+03
-3.223000000000000000e+03
-3.223000000000000000e+03
-3.262000000000000000e+03
-3.262000000000000000e+03
-3.252000000000000000e+03
-3.288000000000000000e+03
-3.288000000000000000e+03
-3.278000000000000000e+03
-3.278000000000000000e+03
-3.314000000000000000e+03
-3.314000000000000000e+03
-3.304000000000000000e+03
-3.304000000000000000e+03
-3.339000000000000000e+03
-3.329000000000000000e+03
-3.319000000000000000e+03
-3.351000000000000000e+03
-3.331000000000000000e+03
-3.321000000000000000e+03
-3.353000000000000000e+03
-3.353000000000000000e+03
-3.333000000000000000e+03
-3.333000000000000000e+03
-3.365000000000000000e+03
-3.365000000000000000e+03
-3.365000000000000000e+03
-3.365000000000000000e+03
-3.395000000000000000e+03
-3.385000000000000000e+03
-3.375000000000000000e+03
-3.375000000000000000e+03
-3.404000000000000000e+03
-3.404000000000000000e+03
-3.394000000000000000e+03
-3.394000000000000000e+03
-3.422000000000000000e+03
-3.422000000000000000e+03
-3.422000000000000000e+03
-3.412000000000000000e+03
-3.440000000000000000e+03
-3.440000000000000000e+03
-3.430000000000000000e+03
-3.430000000000000000e+03
-3.456000000000000000e+03
-3.456000000000000000e+03
-3.456000000000000000e+03
-3.436000000000000000e+03
-3.462000000000000000e+03
-3.452000000000000000e+03
-3.432000000000000000e+03
-3.452000000000000000e+03
-3.422000000000000000e+03
-3.422000000000000000e+03
-3.439000000000000000e+03
-3.439000000000000000e+03
-3.429000000000000000e+03
-3.429000000000000000e+03
-3.445000000000000000e+03
-3.445000000000000000e+03
-3.435000000000000000e+03
-3.435000000000000000e+03
-3.452000000000000000e+03
-3.452000000000000000e+03
-3.432000000000000000e+03
-3.432000000000000000e+03
-3.448000000000000000e+03
-3.448000000000000000e+03
-3.438000000000000000e+03
-3.438000000000000000e+03
-3.446000000000000000e+03
-3.446000000000000000e+03
-3.446000000000000000e+03
-3.446000000000000000e+03
-3.464000000000000000e+03
-3.464000000000000000e+03
-3.454000000000000000e+03
-3.454000000000000000e+03
-3.471000000000000000e+03
-3.471000000000000000e+03
-3.471000000000000000e+03
-3.485000000000000000e+03
-3.485000000000000000e+03
-3.475000000000000000e+03
-3.475000000000000000e+03
-3.489000000000000000e+03
-3.489000000000000000e+03
-3.489000000000000000e+03
-3.491000000000000000e+03
-3.491000000000000000e+03
-3.491000000000000000e+03
-3.484000000000000000e+03
-3.454000000000000000e+03
-3.454000000000000000e+03
-3.459000000000000000e+03
-3.459000000000000000e+03
-3.459000000000000000e+03
-3.473000000000000000e+03
-3.473000000000000000e+03
-3.463000000000000000e+03
-3.453000000000000000e+03
-3.468000000000000000e+03
-3.480000000000000000e+03
-3.480000000000000000e+03
-3.470000000000000000e+03
-3.460000000000000000e+03
-3.460000000000000000e+03
-3.460000000000000000e+03
-3.460000000000000000e+03
-3.458000000000000000e+03
-3.458000000000000000e+03
-3.458000000000000000e+03
-3.448000000000000000e+03
-3.457000000000000000e+03
-3.457000000000000000e+03
-3.457000000000000000e+03
-3.457000000000000000e+03
-3.456000000000000000e+03
-3.456000000000000000e+03
-3.456000000000000000e+03
-3.446000000000000000e+03
-3.454000000000000000e+03
-3.444000000000000000e+03
-3.444000000000000000e+03
-3.453000000000000000e+03
-3.443000000000000000e+03
-3.443000000000000000e+03
-3.433000000000000000e+03
-3.433000000000000000e+03
-3.433000000000000000e+03
-3.443000000000000000e+03
-3.443000000000000000e+03
-3.433000000000000000e+03
-3.443000000000000000e+03
-3.443000000000000000e+03
-3.433000000000000000e+03
-3.433000000000000000e+03
-3.444000000000000000e+03
-3.434000000000000000e+03
-3.434000000000000000e+03
-3.434000000000000000e+03
-3.435000000000000000e+03
-3.435000000000000000e+03
-3.435000000000000000e+03
-3.435000000000000000e+03
-3.437000000000000000e+03
-3.437000000000000000e+03
-3.437000000000000000e+03
-3.427000000000000000e+03
-3.431000000000000000e+03
-3.411000000000000000e+03
-3.411000000000000000e+03
-3.385000000000000000e+03
-3.385000000000000000e+03
-3.386000000000000000e+03
-3.376000000000000000e+03
-3.376000000000000000e+03
-3.366000000000000000e+03
-3.366000000000000000e+03
-3.366000000000000000e+03
-3.366000000000000000e+03
-3.356000000000000000e+03
-3.356000000000000000e+03
-3.356000000000000000e+03
-3.356000000000000000e+03
-3.346000000000000000e+03
-3.346000000000000000e+03
-3.346000000000000000e+03
-3.346000000000000000e+03
-3.346000000000000000e+03
-3.336000000000000000e+03
-3.335000000000000000e+03
-3.335000000000000000e+03
-3.335000000000000000e+03
-3.335000000000000000e+03
-3.325000000000000000e+03
-3.314000000000000000e+03
-3.304000000000000000e+03
-3.284000000000000000e+03
-3.283000000000000000e+03
-3.273000000000000000e+03
-3.273000000000000000e+03
-3.271000000000000000e+03
-3.261000000000000000e+03
-3.252000000000000000e+03
-3.242000000000000000e+03
-3.240000000000000000e+03
-3.240000000000000000e+03
-3.240000000000000000e+03
-3.230000000000000000e+03
-3.228000000000000000e+03
-3.218000000000000000e+03
-3.208000000000000000e+03
-3.208000000000000000e+03
-3.195000000000000000e+03
-3.185000000000000000e+03
-3.170000000000000000e+03
-3.170000000000000000e+03
-3.165000000000000000e+03
-3.155000000000000000e+03
-3.155000000000000000e+03
-3.140000000000000000e+03
-3.140000000000000000e+03
-3.140000000000000000e+03
-3.130000000000000000e+03
-3.126000000000000000e+03
-3.116000000000000000e+03
-3.112000000000000000e+03
-3.112000000000000000e+03
-3.102000000000000000e+03
-3.102000000000000000e+03
-3.098000000000000000e+03
-3.098000000000000000e+03
-3.088000000000000000e+03
-3.082000000000000000e+03
-3.082000000000000000e+03
-3.072000000000000000e+03
-3.072000000000000000e+03
-3.066000000000000000e+03
-3.066000000000000000e+03
-3.066000000000000000e+03
-3.060000000000000000e+03
-3.050000000000000000e+03
-3.040000000000000000e+03
-3.033000000000000000e+03
-3.033000000000000000e+03
-3.013000000000000000e+03
-2.997000000000000000e+03
-2.997000000000000000e+03
-2.987000000000000000e+03
-2.970000000000000000e+03
-2.970000000000000000e+03
-2.970000000000000000e+03
-2.970000000000000000e+03
-2.954000000000000000e+03
-2.954000000000000000e+03
-2.954000000000000000e+03
-2.938000000000000000e+03
-2.938000000000000000e+03
-2.928000000000000000e+03
-2.921000000000000000e+03
-2.921000000000000000e+03
-2.914000000000000000e+03
-2.904000000000000000e+03
-2.904000000000000000e+03
-2.897000000000000000e+03
-2.897000000000000000e+03
-2.880000000000000000e+03
-2.870000000000000000e+03
-2.870000000000000000e+03
-2.863000000000000000e+03
-2.863000000000000000e+03
-2.846000000000000000e+03
-2.846000000000000000e+03
-2.836000000000000000e+03
-2.836000000000000000e+03
-2.810000000000000000e+03
-2.800000000000000000e+03
-2.793000000000000000e+03
-2.783000000000000000e+03
-2.783000000000000000e+03
-2.775000000000000000e+03
-2.765000000000000000e+03
-2.756000000000000000e+03
-2.736000000000000000e+03
-2.726000000000000000e+03
-2.716000000000000000e+03
-2.697000000000000000e+03
-2.697000000000000000e+03
-2.677000000000000000e+03
-2.659000000000000000e+03
-2.659000000000000000e+03
-2.659000000000000000e+03
-2.642000000000000000e+03
-2.632000000000000000e+03
-2.625000000000000000e+03
-2.615000000000000000e+03
-2.609000000000000000e+03
-2.609000000000000000e+03
-2.609000000000000000e+03
-2.604000000000000000e+03
-2.594000000000000000e+03
-2.590000000000000000e+03
-2.577000000000000000e+03
-2.577000000000000000e+03
-2.577000000000000000e+03
-2.576000000000000000e+03
-2.576000000000000000e+03
-2.564000000000000000e+03
-2.554000000000000000e+03
-2.554000000000000000e+03
-2.554000000000000000e+03
-2.552000000000000000e+03
-2.542000000000000000e+03
-2.542000000000000000e+03
-2.539000000000000000e+03
-2.539000000000000000e+03
-2.535000000000000000e+03
-2.525000000000000000e+03
-2.525000000000000000e+03
-2.521000000000000000e+03
-2.491000000000000000e+03
-2.491000000000000000e+03
-2.469000000000000000e+03
-2.459000000000000000e+03
-2.459000000000000000e+03
-2.459000000000000000e+03
-2.448000000000000000e+03
-2.448000000000000000e+03
-2.448000000000000000e+03
-2.436000000000000000e+03
-2.436000000000000000e+03
-2.436000000000000000e+03
-2.426000000000000000e+03
-2.425000000000000000e+03
-2.425000000000000000e+03
-2.425000000000000000e+03
-2.424000000000000000e+03
-2.414000000000000000e+03
-2.414000000000000000e+03
-2.414000000000000000e+03
-2.403000000000000000e+03
-2.403000000000000000e+03
-2.403000000000000000e+03
-2.403000000000000000e+03
-2.402000000000000000e+03
-2.392000000000000000e+03
-2.392000000000000000e+03
-2.372000000000000000e+03
-2.371000000000000000e+03
-2.371000000000000000e+03
-2.371000000000000000e+03
-2.371000000000000000e+03
-2.350000000000000000e+03
-2.350000000000000000e+03
-2.350000000000000000e+03
-2.350000000000000000e+03
-2.339000000000000000e+03
-2.319000000000000000e+03
-2.318000000000000000e+03
-2.318000000000000000e+03
-2.307000000000000000e+03
-2.297000000000000000e+03
-2.297000000000000000e+03
-2.297000000000000000e+03
-2.287000000000000000e+03
-2.287000000000000000e+03
-2.287000000000000000e+03
-2.267000000000000000e+03
-2.247000000000000000e+03
-2.247000000000000000e+03
-2.247000000000000000e+03
-2.247000000000000000e+03
-2.247000000000000000e+03
-2.237000000000000000e+03
-2.237000000000000000e+03
-2.217000000000000000e+03
-2.217000000000000000e+03
-2.217000000000000000e+03
-2.217000000000000000e+03
-2.217000000000000000e+03
-2.217000000000000000e+03
-2.217000000000000000e+03
-2.217000000000000000e+03
-2.208000000000000000e+03
-2.208000000000000000e+03
-2.208000000000000000e+03
-2.209000000000000000e+03
-2.199000000000000000e+03
-2.189000000000000000e+03
-2.189000000000000000e+03
-2.189000000000000000e+03
-2.168000000000000000e+03
-2.168000000000000000e+03
-2.138000000000000000e+03
-2.138000000000000000e+03
-2.138000000000000000e+03
-2.128000000000000000e+03
-2.128000000000000000e+03
-2.128000000000000000e+03
-2.127000000000000000e+03
-2.117000000000000000e+03
-2.117000000000000000e+03
-2.115000000000000000e+03
-2.105000000000000000e+03
-2.105000000000000000e+03
-2.105000000000000000e+03
-2.093000000000000000e+03
-2.093000000000000000e+03
-2.093000000000000000e+03
-2.092000000000000000e+03
-2.092000000000000000e+03
-2.082000000000000000e+03
-2.082000000000000000e+03
-2.082000000000000000e+03
-2.072000000000000000e+03
-2.072000000000000000e+03
-2.072000000000000000e+03
-2.072000000000000000e+03
-2.062000000000000000e+03
-2.052000000000000000e+03
-2.032000000000000000e+03
-2.032000000000000000e+03
-2.031000000000000000e+03
-2.021000000000000000e+03
-2.021000000000000000e+03
-2.009000000000000000e+03
-2.009000000000000000e+03
-2.009000000000000000e+03
-1.999000000000000000e+03
-1.996000000000000000e+03
-1.996000000000000000e+03
-1.986000000000000000e+03
-1.983000000000000000e+03
-1.983000000000000000e+03
-1.983000000000000000e+03
-1.970000000000000000e+03
-1.970000000000000000e+03
-1.970000000000000000e+03
-1.959000000000000000e+03
-1.949000000000000000e+03
-1.949000000000000000e+03
-1.949000000000000000e+03
-1.948000000000000000e+03
-1.938000000000000000e+03
-1.928000000000000000e+03
-1.906000000000000000e+03
-1.906000000000000000e+03
-1.906000000000000000e+03
-1.903000000000000000e+03
-1.903000000000000000e+03
-1.903000000000000000e+03
-1.883000000000000000e+03
-1.880000000000000000e+03
-1.880000000000000000e+03
-1.880000000000000000e+03
-1.880000000000000000e+03
-1.867000000000000000e+03
-1.867000000000000000e+03
-1.867000000000000000e+03
-1.856000000000000000e+03
-1.856000000000000000e+03
-1.856000000000000000e+03
-1.857000000000000000e+03
-1.847000000000000000e+03
-1.847000000000000000e+03
-1.849000000000000000e+03
-1.849000000000000000e+03
-1.849000000000000000e+03
-1.829000000000000000e+03
-1.809000000000000000e+03
-1.799000000000000000e+03
-1.777000000000000000e+03
-1.777000000000000000e+03
-1.767000000000000000e+03
-1.767000000000000000e+03
-1.764000000000000000e+03
-1.754000000000000000e+03
-1.754000000000000000e+03
-1.743000000000000000e+03
-1.743000000000000000e+03
-1.743000000000000000e+03
-1.744000000000000000e+03
-1.744000000000000000e+03
-1.744000000000000000e+03
-1.744000000000000000e+03
-1.738000000000000000e+03
-1.738000000000000000e+03
-1.738000000000000000e+03
-1.731000000000000000e+03
-1.731000000000000000e+03
-1.731000000000000000e+03
-1.720000000000000000e+03
-1.720000000000000000e+03
-1.720000000000000000e+03
-1.716000000000000000e+03
-1.706000000000000000e+03
-1.706000000000000000e+03
-1.696000000000000000e+03
-1.688000000000000000e+03
-1.678000000000000000e+03
-1.658000000000000000e+03
-1.658000000000000000e+03
-1.652000000000000000e+03
-1.652000000000000000e+03
-1.642000000000000000e+03
-1.642000000000000000e+03
-1.637000000000000000e+03
-1.627000000000000000e+03
-1.627000000000000000e+03
-1.617000000000000000e+03
-1.617000000000000000e+03
-1.617000000000000000e+03
-1.608000000000000000e+03
-1.608000000000000000e+03
-1.608000000000000000e+03
-1.598000000000000000e+03
-1.598000000000000000e+03
-1.588000000000000000e+03
-1.568000000000000000e+03
-1.568000000000000000e+03
-1.555000000000000000e+03
-1.555000000000000000e+03
-1.530000000000000000e+03
-1.530000000000000000e+03
-1.530000000000000000e+03
-1.530000000000000000e+03
-1.510000000000000000e+03
-1.510000000000000000e+03
-1.496000000000000000e+03
-1.486000000000000000e+03
-1.486000000000000000e+03
-1.472000000000000000e+03
-1.472000000000000000e+03
-1.462000000000000000e+03
-1.452000000000000000e+03
-1.452000000000000000e+03
-1.442000000000000000e+03
-1.428000000000000000e+03
-1.408000000000000000e+03
-1.398000000000000000e+03
-1.388000000000000000e+03
-1.388000000000000000e+03
-1.379000000000000000e+03
-1.369000000000000000e+03
-1.339000000000000000e+03
-1.329000000000000000e+03
-1.329000000000000000e+03
-1.295000000000000000e+03
-1.285000000000000000e+03
-1.285000000000000000e+03
-1.270000000000000000e+03
-1.260000000000000000e+03
-1.250000000000000000e+03
-1.250000000000000000e+03
-1.233000000000000000e+03
-1.233000000000000000e+03
-1.233000000000000000e+03
-1.202000000000000000e+03
-1.202000000000000000e+03
-1.202000000000000000e+03
-1.192000000000000000e+03
-1.170000000000000000e+03
-1.160000000000000000e+03
-1.160000000000000000e+03
-1.138000000000000000e+03
-1.138000000000000000e+03
-1.138000000000000000e+03
-1.108000000000000000e+03
-1.108000000000000000e+03
-1.108000000000000000e+03
-1.108000000000000000e+03
-1.081000000000000000e+03
-1.081000000000000000e+03
-1.057000000000000000e+03
-1.047000000000000000e+03
-1.027000000000000000e+03
-1.027000000000000000e+03
-1.006000000000000000e+03
-9.950000000000000000e+02
-9.760000000000000000e+02
-9.760000000000000000e+02
-9.760000000000000000e+02
-9.570000000000000000e+02
-9.570000000000000000e+02
-9.270000000000000000e+02
-9.170000000000000000e+02
-9.100000000000000000e+02
-9.030000000000000000e+02
-8.930000000000000000e+02
-8.930000000000000000e+02
-8.830000000000000000e+02
-8.750000000000000000e+02
-8.750000000000000000e+02
-8.750000000000000000e+02
-8.540000000000000000e+02
-8.540000000000000000e+02
-8.440000000000000000e+02
-8.320000000000000000e+02
-8.320000000000000000e+02
-8.320000000000000000e+02
-8.320000000000000000e+02
-8.070000000000000000e+02
-8.070000000000000000e+02
-8.070000000000000000e+02
-7.970000000000000000e+02
-7.830000000000000000e+02
-7.830000000000000000e+02
-7.830000000000000000e+02
-7.580000000000000000e+02
-7.580000000000000000e+02
-7.420000000000000000e+02
-7.420000000000000000e+02
-7.120000000000000000e+02
-6.920000000000000000e+02
-6.790000000000000000e+02
-6.690000000000000000e+02
-6.690000000000000000e+02
-6.690000000000000000e+02
-6.540000000000000000e+02
-6.440000000000000000e+02
-6.440000000000000000e+02
-6.190000000000000000e+02
-6.190000000000000000e+02
-6.090000000000000000e+02
-6.090000000000000000e+02
-5.960000000000000000e+02
-5.960000000000000000e+02
-5.960000000000000000e+02
-5.760000000000000000e+02
-5.760000000000000000e+02
-5.460000000000000000e+02
-5.360000000000000000e+02
-5.300000000000000000e+02
-5.300000000000000000e+02
-5.300000000000000000e+02
-5.270000000000000000e+02
-5.170000000000000000e+02
-5.170000000000000000e+02
-5.160000000000000000e+02
-5.060000000000000000e+02
-5.060000000000000000e+02
-5.060000000000000000e+02
-4.820000000000000000e+02
-4.820000000000000000e+02
-4.820000000000000000e+02
-4.670000000000000000e+02
-4.570000000000000000e+02
-4.570000000000000000e+02
-4.570000000000000000e+02
-4.410000000000000000e+02
-4.310000000000000000e+02
-4.310000000000000000e+02
-4.130000000000000000e+02
-4.130000000000000000e+02
-4.130000000000000000e+02
-3.830000000000000000e+02
-3.630000000000000000e+02
-3.530000000000000000e+02
-3.530000000000000000e+02
-3.530000000000000000e+02
-3.320000000000000000e+02
-3.320000000000000000e+02
-3.320000000000000000e+02
-3.000000000000000000e+02
-3.000000000000000000e+02
-2.670000000000000000e+02
-2.670000000000000000e+02
-2.670000000000000000e+02
-2.360000000000000000e+02
-2.360000000000000000e+02
-2.080000000000000000e+02
-2.080000000000000000e+02
-2.080000000000000000e+02
-1.820000000000000000e+02
-1.820000000000000000e+02
-1.820000000000000000e+02
-1.820000000000000000e+02
-1.670000000000000000e+02
-1.670000000000000000e+02
-1.570000000000000000e+02
-1.450000000000000000e+02
-1.350000000000000000e+02
-1.350000000000000000e+02
-1.140000000000000000e+02
-9.400000000000000000e+01
-8.400000000000000000e+01
-7.500000000000000000e+01
-7.500000000000000000e+01
-5.500000000000000000e+01
-4.700000000000000000e+01
-4.000000000000000000e+01
-4.000000000000000000e+01
-4.000000000000000000e+01
-3.300000000000000000e+01
-2.300000000000000000e+01
-2.300000000000000000e+01
-7.000000000000000000e+00
-7.000000000000000000e+00
-1.000000000000000000e+00
6.000000000000000000e+00
6.000000000000000000e+00
2.600000000000000000e+01
6.300000000000000000e+01
6.300000000000000000e+01
7.000000000000000000e+01
8.000000000000000000e+01
8.000000000000000000e+01
8.500000000000000000e+01
9.500000000000000000e+01
9.500000000000000000e+01
9.800000000000000000e+01
1.080000000000000000e+02
1.080000000000000000e+02
1.080000000000000000e+02
1.210000000000000000e+02
1.210000000000000000e+02
1.210000000000000000e+02
1.350000000000000000e+02
1.350000000000000000e+02
1.510000000000000000e+02
1.510000000000000000e+02
1.610000000000000000e+02
1.610000000000000000e+02
1.810000000000000000e+02
1.810000000000000000e+02
2.130000000000000000e+02
2.130000000000000000e+02
2.260000000000000000e+02
2.260000000000000000e+02
2.360000000000000000e+02
2.460000000000000000e+02
2.600000000000000000e+02
2.600000000000000000e+02
2.700000000000000000e+02
2.950000000000000000e+02
2.950000000000000000e+02
2.950000000000000000e+02
3.090000000000000000e+02
3.190000000000000000e+02
3.190000000000000000e+02
3.330000000000000000e+02
3.330000000000000000e+02
3.330000000000000000e+02
3.460000000000000000e+02
3.660000000000000000e+02
3.660000000000000000e+02
3.800000000000000000e+02
3.800000000000000000e+02
3.920000000000000000e+02
4.020000000000000000e+02
4.440000000000000000e+02
4.550000000000000000e+02
4.750000000000000000e+02
4.850000000000000000e+02
4.960000000000000000e+02
5.150000000000000000e+02
5.150000000000000000e+02
5.240000000000000000e+02
5.240000000000000000e+02
5.410000000000000000e+02
5.410000000000000000e+02
5.510000000000000000e+02
5.510000000000000000e+02
5.570000000000000000e+02
5.570000000000000000e+02
5.800000000000000000e+02
5.800000000000000000e+02
5.900000000000000000e+02
5.900000000000000000e+02
6.050000000000000000e+02
6.150000000000000000e+02
6.300000000000000000e+02
6.300000000000000000e+02
6.400000000000000000e+02
6.760000000000000000e+02
6.760000000000000000e+02
6.760000000000000000e+02
6.910000000000000000e+02
7.010000000000000000e+02
7.010000000000000000e+02
7.160000000000000000e+02
7.260000000000000000e+02
7.360000000000000000e+02
7.500000000000000000e+02
7.500000000000000000e+02
7.720000000000000000e+02
7.720000000000000000e+02
7.720000000000000000e+02
7.920000000000000000e+02
7.920000000000000000e+02
7.920000000000000000e+02
8.020000000000000000e+02
8.080000000000000000e+02
8.130000000000000000e+02
8.130000000000000000e+02
8.230000000000000000e+02
8.250000000000000000e+02
8.250000000000000000e+02
8.370000000000000000e+02
8.370000000000000000e+02
8.370000000000000000e+02
8.480000000000000000e+02
8.480000000000000000e+02
8.480000000000000000e+02
8.600000000000000000e+02
8.700000000000000000e+02
8.700000000000000000e+02
8.830000000000000000e+02
8.830000000000000000e+02
8.830000000000000000e+02
8.870000000000000000e+02
8.970000000000000000e+02
9.170000000000000000e+02
9.170000000000000000e+02
9.330000000000000000e+02
9.330000000000000000e+02
9.430000000000000000e+02
9.430000000000000000e+02
9.510000000000000000e+02
9.610000000000000000e+02
9.610000000000000000e+02
9.710000000000000000e+02
9.790000000000000000e+02
9.790000000000000000e+02
9.980000000000000000e+02
9.980000000000000000e+02
1.008000000000000000e+03
1.016000000000000000e+03
1.016000000000000000e+03
1.026000000000000000e+03
1.032000000000000000e+03
1.032000000000000000e+03
1.035000000000000000e+03
1.055000000000000000e+03
1.056000000000000000e+03
1.076000000000000000e+03
1.086000000000000000e+03
1.088000000000000000e+03
1.098000000000000000e+03
1.098000000000000000e+03
1.098000000000000000e+03
1.108000000000000000e+03
1.106000000000000000e+03
1.116000000000000000e+03
1.114000000000000000e+03
1.124000000000000000e+03
1.121000000000000000e+03
1.121000000000000000e+03
1.127000000000000000e+03
1.127000000000000000e+03
1.127000000000000000e+03
1.137000000000000000e+03
1.132000000000000000e+03
1.152000000000000000e+03
1.162000000000000000e+03
1.156000000000000000e+03
1.166000000000000000e+03
1.166000000000000000e+03
1.160000000000000000e+03
1.170000000000000000e+03
1.170000000000000000e+03
1.173000000000000000e+03
1.168000000000000000e+03
1.178000000000000000e+03
1.178000000000000000e+03
1.183000000000000000e+03
1.183000000000000000e+03
1.183000000000000000e+03
1.189000000000000000e+03
1.189000000000000000e+03
1.189000000000000000e+03
1.189000000000000000e+03
1.186000000000000000e+03
1.186000000000000000e+03
1.196000000000000000e+03
1.196000000000000000e+03
1.195000000000000000e+03
1.195000000000000000e+03
1.205000000000000000e+03
1.205000000000000000e+03
1.205000000000000000e+03
1.215000000000000000e+03
1.225000000000000000e+03
1.235000000000000000e+03
1.245000000000000000e+03
1.244000000000000000e+03
1.254000000000000000e+03
1.264000000000000000e+03
1.262000000000000000e+03
1.262000000000000000e+03
1.262000000000000000e+03
1.269000000000000000e+03
1.269000000000000000e+03
1.264000000000000000e+03
1.264000000000000000e+03
1.274000000000000000e+03
1.268000000000000000e+03
1.268000000000000000e+03
1.268000000000000000e+03
1.270000000000000000e+03
1.280000000000000000e+03
1.271000000000000000e+03
1.271000000000000000e+03
1.261000000000000000e+03
1.261000000000000000e+03
1.261000000000000000e+03
1.261000000000000000e+03
1.252000000000000000e+03
1.252000000000000000e+03
1.252000000000000000e+03
1.252000000000000000e+03
1.252000000000000000e+03
1.252000000000000000e+03
1.252000000000000000e+03
1.242000000000000000e+03
1.242000000000000000e+03
1.242000000000000000e+03
1.231000000000000000e+03
1.241000000000000000e+03
1.231000000000000000e+03
1.222000000000000000e+03
1.222000000000000000e+03
1.216000000000000000e+03
1.216000000000000000e+03
1.226000000000000000e+03
1.226000000000000000e+03
1.221000000000000000e+03
1.221000000000000000e+03
1.221000000000000000e+03
1.221000000000000000e+03
1.217000000000000000e+03
1.217000000000000000e+03
1.211000000000000000e+03
1.211000000000000000e+03
1.211000000000000000e+03
1.211000000000000000e+03
1.205000000000000000e+03
1.205000000000000000e+03
1.201000000000000000e+03
1.201000000000000000e+03
1.201000000000000000e+03
1.192000000000000000e+03
1.192000000000000000e+03
1.181000000000000000e+03
1.181000000000000000e+03
1.169000000000000000e+03
1.169000000000000000e+03
1.169000000000000000e+03
0.000000000000000000e+00
