1.000000000000000000e+01
1.000000000000000000e+01
1.000000000000000000e+01
1.000000000000000000e+01
2.000000000000000000e+01
3.000000000000000000e+01
4.000000000000000000e+01
4.000000000000000000e+01
4.000000000000000000e+01
4.000000000000000000e+01
4.000000000000000000e+01
5.000000000000000000e+01
6.000000000000000000e+01
6.000000000000000000e+01
6.000000000000000000e+01
6.000000000000000000e+01
7.000000000000000000e+01
7.000000000000000000e+01
8.000000000000000000e+01
8.000000000000000000e+01
8.000000000000000000e+01
8.000000000000000000e+01
9.000000000000000000e+01
9.000000000000000000e+01
9.000000000000000000e+01
1.000000000000000000e+02
1.100000000000000000e+02
1.100000000000000000e+02
1.100000000000000000e+02
1.200000000000000000e+02
1.200000000000000000e+02
1.400000000000000000e+02
1.400000000000000000e+02
1.500000000000000000e+02
1.500000000000000000e+02
1.500000000000000000e+02
1.500000000000000000e+02
1.500000000000000000e+02
1.600000000000000000e+02
1.700000000000000000e+02
1.700000000000000000e+02
1.700000000000000000e+02
1.800000000000000000e+02
1.790000000000000000e+02
1.790000000000000000e+02
1.890000000000000000e+02
1.880000000000000000e+02
1.880000000000000000e+02
1.980000000000000000e+02
1.950000000000000000e+02
1.950000000000000000e+02
2.050000000000000000e+02
2.050000000000000000e+02
2.010000000000000000e+02
2.110000000000000000e+02
2.110000000000000000e+02
2.110000000000000000e+02
2.070000000000000000e+02
2.170000000000000000e+02
2.270000000000000000e+02
2.270000000000000000e+02
2.320000000000000000e+02
2.320000000000000000e+02
2.320000000000000000e+02
2.270000000000000000e+02
2.270000000000000000e+02
2.370000000000000000e+02
2.370000000000000000e+02
2.320000000000000000e+02
2.320000000000000000e+02
2.320000000000000000e+02
2.420000000000000000e+02
2.350000000000000000e+02
2.350000000000000000e+02
2.350000000000000000e+02
2.450000000000000000e+02
2.570000000000000000e+02
2.570000000000000000e+02
2.570000000000000000e+02
2.670000000000000000e+02
2.590000000000000000e+02
2.690000000000000000e+02
2.610000000000000000e+02
2.610000000000000000e+02
2.710000000000000000e+02
2.710000000000000000e+02
2.710000000000000000e+02
2.710000000000000000e+02
2.810000000000000000e+02
2.720000000000000000e+02
2.720000000000000000e+02
2.720000000000000000e+02
2.820000000000000000e+02
2.830000000000000000e+02
2.830000000000000000e+02
2.930000000000000000e+02
2.830000000000000000e+02
2.830000000000000000e+02
2.930000000000000000e+02
2.930000000000000000e+02
2.840000000000000000e+02
2.940000000000000000e+02
2.940000000000000000e+02
2.940000000000000000e+02
2.850000000000000000e+02
2.850000000000000000e+02
2.950000000000000000e+02
2.950000000000000000e+02
2.850000000000000000e+02
2.850000000000000000e+02
2.850000000000000000e+02
2.950000000000000000e+02
2.850000000000000000e+02
2.950000000000000000e+02
3.150000000000000000e+02
3.060000000000000000e+02
3.060000000000000000e+02
3.060000000000000000e+02
3.160000000000000000e+02
3.060000000000000000e+02
3.060000000000000000e+02
3.060000000000000000e+02
3.160000000000000000e+02
3.060000000000000000e+02
3.060000000000000000e+02
3.060000000000000000e+02
3.160000000000000000e+02
3.070000000000000000e+02
3.170000000000000000e+02
3.080000000000000000e+02
3.080000000000000000e+02
3.180000000000000000e+02
3.190000000000000000e+02
3.390000000000000000e+02
3.390000000000000000e+02
3.390000000000000000e+02
3.390000000000000000e+02
3.390000000000000000e+02
3.290000000000000000e+02
3.490000000000000000e+02
3.400000000000000000e+02
3.400000000000000000e+02
3.300000000000000000e+02
3.300000000000000000e+02
3.400000000000000000e+02
3.400000000000000000e+02
3.310000000000000000e+02
3.310000000000000000e+02
3.410000000000000000e+02
3.320000000000000000e+02
3.320000000000000000e+02
3.230000000000000000e+02
3.230000000000000000e+02
3.330000000000000000e+02
3.240000000000000000e+02
3.340000000000000000e+02
3.350000000000000000e+02
3.350000000000000000e+02
3.550000000000000000e+02
3.550000000000000000e+02
3.450000000000000000e+02
3.550000000000000000e+02
3.550000000000000000e+02
3.460000000000000000e+02