1.600000000000000000e+01
1.600000000000000000e+01
1.600000000000000000e+01
1.600000000000000000e+01
2.600000000000000000e+01
2.600000000000000000e+01
3.600000000000000000e+01
3.600000000000000000e+01
3.600000000000000000e+01
3.600000000000000000e+01
3.600000000000000000e+01
4.600000000000000000e+01
5.600000000000000000e+01
5.600000000000000000e+01
5.600000000000000000e+01
5.600000000000000000e+01
5.600000000000000000e+01
5.600000000000000000e+01
6.600000000000000000e+01
6.600000000000000000e+01
6.600000000000000000e+01
6.600000000000000000e+01
6.600000000000000000e+01
7.600000000000000000e+01
7.600000000000000000e+01
7.600000000000000000e+01
8.600000000000000000e+01
8.600000000000000000e+01
8.600000000000000000e+01
9.600000000000000000e+01
9.600000000000000000e+01
1.060000000000000000e+02
1.060000000000000000e+02
1.160000000000000000e+02
1.160000000000000000e+02
1.160000000000000000e+02
1.160000000000000000e+02
1.160000000000000000e+02
1.260000000000000000e+02
1.260000000000000000e+02
1.260000000000000000e+02
1.260000000000000000e+02
1.360000000000000000e+02
1.360000000000000000e+02
1.360000000000000000e+02
1.460000000000000000e+02
1.460000000000000000e+02
1.460000000000000000e+02
1.460000000000000000e+02
1.450000000000000000e+02
1.450000000000000000e+02
1.550000000000000000e+02
1.550000000000000000e+02
1.540000000000000000e+02
1.640000000000000000e+02
1.640000000000000000e+02
1.640000000000000000e+02
1.630000000000000000e+02
1.730000000000000000e+02
1.730000000000000000e+02
1.730000000000000000e+02
1.810000000000000000e+02
1.810000000000000000e+02
1.810000000000000000e+02
1.780000000000000000e+02
1.780000000000000000e+02
1.880000000000000000e+02
1.880000000000000000e+02
1.850000000000000000e+02
1.850000000000000000e+02
1.850000000000000000e+02
1.850000000000000000e+02
1.810000000000000000e+02
1.810000000000000000e+02
1.910000000000000000e+02
1.910000000000000000e+02
1.980000000000000000e+02
1.980000000000000000e+02
1.980000000000000000e+02
2.080000000000000000e+02
2.030000000000000000e+02
2.130000000000000000e+02
2.080000000000000000e+02
2.080000000000000000e+02
2.180000000000000000e+02
2.180000000000000000e+02
2.130000000000000000e+02
2.130000000000000000e+02
2.230000000000000000e+02
2.180000000000000000e+02
2.180000000000000000e+02
2.180000000000000000e+02
2.280000000000000000e+02
2.330000000000000000e+02
2.330000000000000000e+02
2.330000000000000000e+02
2.280000000000000000e+02
2.280000000000000000e+02
2.380000000000000000e+02
2.380000000000000000e+02
2.330000000000000000e+02
2.330000000000000000e+02
2.330000000000000000e+02
2.330000000000000000e+02
2.380000000000000000e+02
2.380000000000000000e+02
2.480000000000000000e+02
2.480000000000000000e+02
2.430000000000000000e+02
2.430000000000000000e+02
2.430000000000000000e+02
2.430000000000000000e+02
2.380000000000000000e+02
2.480000000000000000e+02
2.580000000000000000e+02
2.540000000000000000e+02
2.540000000000000000e+02
2.540000000000000000e+02
2.640000000000000000e+02
2.590000000000000000e+02
2.590000000000000000e+02
2.590000000000000000e+02
2.690000000000000000e+02
2.640000000000000000e+02
2.640000000000000000e+02
2.640000000000000000e+02
2.640000000000000000e+02
2.590000000000000000e+02
2.690000000000000000e+02
2.640000000000000000e+02
2.640000000000000000e+02
2.740000000000000000e+02
2.790000000000000000e+02
2.890000000000000000e+02
2.890000000000000000e+02
2.890000000000000000e+02
2.950000000000000000e+02
2.950000000000000000e+02
2.900000000000000000e+02
3.000000000000000000e+02
2.950000000000000000e+02
2.950000000000000000e+02
2.900000000000000000e+02
2.900000000000000000e+02
3.000000000000000000e+02
3.000000000000000000e+02
2.950000000000000000e+02
2.950000000000000000e+02
2.950000000000000000e+02
2.890000000000000000e+02
2.890000000000000000e+02
2.940000000000000000e+02
2.940000000000000000e+02
2.940000000000000000e+02
2.880000000000000000e+02
2.980000000000000000e+02
2.920000000000000000e+02
2.920000000000000000e+02
3.120000000000000000e+02
3.120000000000000000e+02
3.070000000000000000e+02
3.170000000000000000e+02
3.170000000000000000e+02
3.120000000000000000e+02
3.220000000000000000e+02
3.220000000000000000e+02
3.260000000000000000e+02
3.260000000000000000e+02
3.260000000000000000e+02
3.260000000000000000e+02
3.200000000000000000e+02
3.200000000000000000e+02
3.300000000000000000e+02
3.230000000000000000e+02
3.230000000000000000e+02
3.230000000000000000e+02
3.330000000000000000e+02
3.280000000000000000e+02
3.280000000000000000e+02
3.230000000000000000e+02
3.230000000000000000e+02
3.330000000000000000e+02
3.280000000000000000e+02
3.280000000000000000e+02
3.380000000000000000e+02
3.330000000000000000e+02
3.430000000000000000e+02
3.430000000000000000e+02
3.380000000000000000e+02
3.380000000000000000e+02
3.480000000000000000e+02
3.530000000000000000e+02
3.530000000000000000e+02
3.530000000000000000e+02
3.530000000000000000e+02
3.470000000000000000e+02
3.470000000000000000e+02
3.520000000000000000e+02
3.520000000000000000e+02
3.520000000000000000e+02
3.520000000000000000e+02
3.470000000000000000e+02
3.470000000000000000e+02
3.570000000000000000e+02
3.510000000000000000e+02
3.610000000000000000e+02
3.560000000000000000e+02
3.560000000000000000e+02
3.560000000000000000e+02
3.660000000000000000e+02
3.600000000000000000e+02
3.600000000000000000e+02
3.600000000000000000e+02
3.540000000000000000e+02
3.540000000000000000e+02
3.640000000000000000e+02
3.740000000000000000e+02
3.770000000000000000e+02
3.870000000000000000e+02
3.870000000000000000e+02
3.820000000000000000e+02
3.820000000000000000e+02
3.870000000000000000e+02
3.870000000000000000e+02
3.870000000000000000e+02
3.970000000000000000e+02
3.920000000000000000e+02
3.920000000000000000e+02
3.920000000000000000e+02
3.870000000000000000e+02
3.970000000000000000e+02
3.970000000000000000e+02
3.920000000000000000e+02
3.920000000000000000e+02
3.920000000000000000e+02
3.860000000000000000e+02
3.960000000000000000e+02
3.960000000000000000e+02
3.900000000000000000e+02
3.900000000000000000e+02
3.900000000000000000e+02
3.850000000000000000e+02
3.950000000000000000e+02
3.950000000000000000e+02
4.100000000000000000e+02
4.100000000000000000e+02
4.200000000000000000e+02
4.200000000000000000e+02
4.150000000000000000e+02
4.250000000000000000e+02
4.200000000000000000e+02
4.200000000000000000e+02
4.200000000000000000e+02
4.300000000000000000e+02
4.350000000000000000e+02
4.350000000000000000e+02
4.300000000000000000e+02
4.300000000000000000e+02
4.300000000000000000e+02
4.300000000000000000e+02
4.350000000000000000e+02
4.310000000000000000e+02
4.310000000000000000e+02
4.310000000000000000e+02
4.310000000000000000e+02
4.260000000000000000e+02
4.260000000000000000e+02
4.360000000000000000e+02
4.360000000000000000e+02
4.510000000000000000e+02
4.510000000000000000e+02
4.510000000000000000e+02
4.660000000000000000e+02
4.660000000000000000e+02
4.610000000000000000e+02
4.710000000000000000e+02
4.660000000000000000e+02
4.660000000000000000e+02
4.760000000000000000e+02
4.710000000000000000e+02
4.710000000000000000e+02
4.710000000000000000e+02
4.810000000000000000e+02
4.860000000000000000e+02
4.860000000000000000e+02
4.860000000000000000e+02
4.860000000000000000e+02
4.800000000000000000e+02
4.800000000000000000e+02
4.900000000000000000e+02
4.840000000000000000e+02
4.940000000000000000e+02
4.940000000000000000e+02
4.940000000000000000e+02
4.890000000000000000e+02
4.890000000000000000e+02
4.890000000000000000e+02
4.840000000000000000e+02
4.890000000000000000e+02
4.990000000000000000e+02
4.990000000000000000e+02
4.940000000000000000e+02
5.040000000000000000e+02
5.090000000000000000e+02
5.190000000000000000e+02
5.190000000000000000e+02
5.150000000000000000e+02
5.150000000000000000e+02
5.250000000000000000e+02
5.250000000000000000e+02
5.200000000000000000e+02
5.200000000000000000e+02
5.150000000000000000e+02
5.250000000000000000e+02
5.250000000000000000e+02
5.250000000000000000e+02
5.200000000000000000e+02
5.200000000000000000e+02
5.200000000000000000e+02
5.150000000000000000e+02
5.250000000000000000e+02
5.450000000000000000e+02
5.400000000000000000e+02
5.400000000000000000e+02
5.400000000000000000e+02
5.400000000000000000e+02
5.340000000000000000e+02
5.440000000000000000e+02
5.540000000000000000e+02
5.540000000000000000e+02
5.490000000000000000e+02
5.430000000000000000e+02
5.530000000000000000e+02
5.530000000000000000e+02
5.470000000000000000e+02
5.470000000000000000e+02
5.510000000000000000e+02
5.510000000000000000e+02
5.450000000000000000e+02
5.450000000000000000e+02
5.450000000000000000e+02
5.490000000000000000e+02
5.490000000000000000e+02
5.490000000000000000e+02
5.530000000000000000e+02
5.530000000000000000e+02
5.630000000000000000e+02
5.560000000000000000e+02
5.560000000000000000e+02
5.560000000000000000e+02
5.600000000000000000e+02
5.700000000000000000e+02
5.700000000000000000e+02
5.700000000000000000e+02
5.640000000000000000e+02
5.740000000000000000e+02
5.680000000000000000e+02
5.680000000000000000e+02
5.680000000000000000e+02
5.680000000000000000e+02
5.730000000000000000e+02
5.780000000000000000e+02
5.780000000000000000e+02
5.780000000000000000e+02
5.880000000000000000e+02
5.830000000000000000e+02
5.830000000000000000e+02
5.830000000000000000e+02
5.780000000000000000e+02
5.780000000000000000e+02
5.780000000000000000e+02
5.830000000000000000e+02
5.830000000000000000e+02
5.830000000000000000e+02
5.830000000000000000e+02
5.770000000000000000e+02
5.770000000000000000e+02
5.870000000000000000e+02
5.870000000000000000e+02
6.010000000000000000e+02
6.010000000000000000e+02
6.010000000000000000e+02
6.010000000000000000e+02
5.960000000000000000e+02
5.960000000000000000e+02
6.060000000000000000e+02
6.060000000000000000e+02
6.010000000000000000e+02
6.110000000000000000e+02
6.110000000000000000e+02
6.110000000000000000e+02
6.060000000000000000e+02
6.160000000000000000e+02
6.160000000000000000e+02
6.160000000000000000e+02
6.100000000000000000e+02
6.100000000000000000e+02
6.100000000000000000e+02
6.200000000000000000e+02
6.150000000000000000e+02
6.150000000000000000e+02
6.150000000000000000e+02
6.150000000000000000e+02
6.100000000000000000e+02
6.200000000000000000e+02
6.260000000000000000e+02
6.360000000000000000e+02
6.360000000000000000e+02
6.400000000000000000e+02
6.400000000000000000e+02
6.400000000000000000e+02
6.500000000000000000e+02
6.450000000000000000e+02
6.450000000000000000e+02
6.450000000000000000e+02
6.480000000000000000e+02
6.580000000000000000e+02
6.520000000000000000e+02
6.520000000000000000e+02
6.520000000000000000e+02
6.450000000000000000e+02
6.450000000000000000e+02
6.450000000000000000e+02
6.550000000000000000e+02
6.490000000000000000e+02
6.490000000000000000e+02
6.690000000000000000e+02
6.690000000000000000e+02
6.630000000000000000e+02
6.630000000000000000e+02
6.730000000000000000e+02
6.730000000000000000e+02
6.680000000000000000e+02
6.780000000000000000e+02
6.780000000000000000e+02
6.730000000000000000e+02
6.730000000000000000e+02
6.730000000000000000e+02
6.770000000000000000e+02
6.870000000000000000e+02
6.810000000000000000e+02
6.810000000000000000e+02
6.810000000000000000e+02
6.730000000000000000e+02
6.730000000000000000e+02
6.730000000000000000e+02
6.760000000000000000e+02
6.760000000000000000e+02
6.760000000000000000e+02
6.860000000000000000e+02
6.800000000000000000e+02
6.800000000000000000e+02
6.800000000000000000e+02
6.800000000000000000e+02
6.840000000000000000e+02
6.840000000000000000e+02
6.840000000000000000e+02
6.780000000000000000e+02
6.880000000000000000e+02
6.880000000000000000e+02
6.880000000000000000e+02
6.820000000000000000e+02
6.820000000000000000e+02
6.820000000000000000e+02
6.920000000000000000e+02
6.870000000000000000e+02
6.870000000000000000e+02
6.870000000000000000e+02
6.870000000000000000e+02
6.800000000000000000e+02
6.800000000000000000e+02
6.800000000000000000e+02
6.840000000000000000e+02
6.840000000000000000e+02
6.840000000000000000e+02
6.940000000000000000e+02
6.980000000000000000e+02
7.080000000000000000e+02
7.080000000000000000e+02
7.010000000000000000e+02
7.110000000000000000e+02
7.110000000000000000e+02
7.040000000000000000e+02
7.140000000000000000e+02
7.140000000000000000e+02
7.080000000000000000e+02
7.080000000000000000e+02
7.180000000000000000e+02
7.180000000000000000e+02
7.120000000000000000e+02
7.120000000000000000e+02
7.120000000000000000e+02
7.120000000000000000e+02
7.060000000000000000e+02
7.160000000000000000e+02
7.160000000000000000e+02
7.110000000000000000e+02
7.310000000000000000e+02
7.310000000000000000e+02
7.310000000000000000e+02
7.260000000000000000e+02
7.260000000000000000e+02
7.360000000000000000e+02
7.360000000000000000e+02
7.300000000000000000e+02
7.330000000000000000e+02
7.330000000000000000e+02
7.430000000000000000e+02
7.430000000000000000e+02
7.460000000000000000e+02
7.560000000000000000e+02
7.510000000000000000e+02
7.610000000000000000e+02
7.650000000000000000e+02
7.650000000000000000e+02
7.650000000000000000e+02
7.580000000000000000e+02
7.680000000000000000e+02
7.680000000000000000e+02
7.680000000000000000e+02
7.610000000000000000e+02
7.710000000000000000e+02
7.710000000000000000e+02
7.710000000000000000e+02
7.640000000000000000e+02
7.740000000000000000e+02
7.740000000000000000e+02
7.670000000000000000e+02
7.670000000000000000e+02
7.620000000000000000e+02
7.620000000000000000e+02
7.670000000000000000e+02
7.670000000000000000e+02
7.670000000000000000e+02
7.620000000000000000e+02
7.720000000000000000e+02
7.720000000000000000e+02
7.770000000000000000e+02
7.970000000000000000e+02
7.920000000000000000e+02
7.920000000000000000e+02
7.920000000000000000e+02
7.870000000000000000e+02
7.970000000000000000e+02
7.970000000000000000e+02
7.920000000000000000e+02
8.020000000000000000e+02
7.970000000000000000e+02
7.970000000000000000e+02
7.970000000000000000e+02
7.910000000000000000e+02
8.010000000000000000e+02
8.010000000000000000e+02
7.960000000000000000e+02
7.960000000000000000e+02
7.960000000000000000e+02
8.000000000000000000e+02
7.930000000000000000e+02
8.030000000000000000e+02
8.030000000000000000e+02
7.960000000000000000e+02
8.060000000000000000e+02
8.060000000000000000e+02
8.090000000000000000e+02
8.090000000000000000e+02
8.090000000000000000e+02
8.020000000000000000e+02
8.060000000000000000e+02
8.060000000000000000e+02
8.090000000000000000e+02
8.090000000000000000e+02
8.010000000000000000e+02
8.010000000000000000e+02
8.110000000000000000e+02
8.030000000000000000e+02
8.130000000000000000e+02
8.060000000000000000e+02
8.060000000000000000e+02
8.080000000000000000e+02
8.180000000000000000e+02
8.280000000000000000e+02
8.280000000000000000e+02
8.200000000000000000e+02
8.200000000000000000e+02
8.130000000000000000e+02
8.230000000000000000e+02
8.230000000000000000e+02
8.260000000000000000e+02
8.260000000000000000e+02
8.260000000000000000e+02
8.200000000000000000e+02
8.200000000000000000e+02
8.200000000000000000e+02
8.230000000000000000e+02
8.230000000000000000e+02
8.160000000000000000e+02
8.160000000000000000e+02
8.180000000000000000e+02
8.110000000000000000e+02
8.110000000000000000e+02
8.140000000000000000e+02
8.240000000000000000e+02
8.340000000000000000e+02
8.440000000000000000e+02
8.370000000000000000e+02
8.370000000000000000e+02
8.370000000000000000e+02
8.300000000000000000e+02
8.300000000000000000e+02
8.230000000000000000e+02
8.330000000000000000e+02
8.330000000000000000e+02
8.370000000000000000e+02
8.370000000000000000e+02
8.310000000000000000e+02
8.310000000000000000e+02
8.410000000000000000e+02
8.350000000000000000e+02
8.450000000000000000e+02
8.450000000000000000e+02
8.450000000000000000e+02
8.390000000000000000e+02
8.390000000000000000e+02
8.430000000000000000e+02
8.430000000000000000e+02
8.370000000000000000e+02
8.370000000000000000e+02
8.430000000000000000e+02
8.430000000000000000e+02
8.430000000000000000e+02
8.470000000000000000e+02
8.470000000000000000e+02
8.470000000000000000e+02
8.420000000000000000e+02
8.520000000000000000e+02
8.620000000000000000e+02
8.620000000000000000e+02
8.560000000000000000e+02
8.560000000000000000e+02
8.660000000000000000e+02
8.660000000000000000e+02
8.600000000000000000e+02
8.600000000000000000e+02
8.700000000000000000e+02
8.740000000000000000e+02
8.840000000000000000e+02
8.840000000000000000e+02
8.790000000000000000e+02
8.790000000000000000e+02
8.790000000000000000e+02
8.790000000000000000e+02
8.940000000000000000e+02
8.940000000000000000e+02
8.940000000000000000e+02
8.940000000000000000e+02
8.880000000000000000e+02
8.880000000000000000e+02
8.980000000000000000e+02
8.930000000000000000e+02
8.930000000000000000e+02
8.930000000000000000e+02
8.870000000000000000e+02
8.970000000000000000e+02
8.970000000000000000e+02
8.910000000000000000e+02
9.010000000000000000e+02
9.060000000000000000e+02
9.060000000000000000e+02
9.010000000000000000e+02
9.010000000000000000e+02
9.010000000000000000e+02
9.060000000000000000e+02
9.060000000000000000e+02
9.060000000000000000e+02
9.010000000000000000e+02
9.110000000000000000e+02
9.110000000000000000e+02
9.070000000000000000e+02
9.170000000000000000e+02
9.170000000000000000e+02
9.120000000000000000e+02
9.120000000000000000e+02
9.120000000000000000e+02
9.170000000000000000e+02
9.270000000000000000e+02
9.270000000000000000e+02
9.310000000000000000e+02
9.310000000000000000e+02
9.410000000000000000e+02
9.410000000000000000e+02
9.370000000000000000e+02
9.370000000000000000e+02
9.470000000000000000e+02
9.420000000000000000e+02
9.420000000000000000e+02
9.420000000000000000e+02
9.370000000000000000e+02
9.470000000000000000e+02
9.470000000000000000e+02
9.520000000000000000e+02
9.520000000000000000e+02
9.520000000000000000e+02
9.470000000000000000e+02
9.470000000000000000e+02
9.420000000000000000e+02
9.520000000000000000e+02
9.520000000000000000e+02
9.480000000000000000e+02
9.480000000000000000e+02
9.580000000000000000e+02
9.580000000000000000e+02
9.530000000000000000e+02
9.530000000000000000e+02
9.480000000000000000e+02
9.580000000000000000e+02
9.580000000000000000e+02
9.780000000000000000e+02
9.720000000000000000e+02
9.820000000000000000e+02
9.770000000000000000e+02
9.770000000000000000e+02
9.770000000000000000e+02
9.820000000000000000e+02
9.820000000000000000e+02
9.820000000000000000e+02
9.820000000000000000e+02
9.870000000000000000e+02
9.870000000000000000e+02
9.870000000000000000e+02
9.810000000000000000e+02
9.770000000000000000e+02
9.870000000000000000e+02
9.970000000000000000e+02
9.920000000000000000e+02
1.002000000000000000e+03
1.002000000000000000e+03
1.002000000000000000e+03
1.006000000000000000e+03
1.006000000000000000e+03
1.006000000000000000e+03
1.001000000000000000e+03
1.001000000000000000e+03
1.004000000000000000e+03
1.004000000000000000e+03
1.004000000000000000e+03
1.008000000000000000e+03
1.008000000000000000e+03
1.008000000000000000e+03
1.002000000000000000e+03
1.002000000000000000e+03
1.012000000000000000e+03
1.007000000000000000e+03
1.007000000000000000e+03
1.007000000000000000e+03
1.002000000000000000e+03
1.022000000000000000e+03
1.027000000000000000e+03
1.027000000000000000e+03
1.032000000000000000e+03
1.032000000000000000e+03
1.032000000000000000e+03
1.027000000000000000e+03
1.027000000000000000e+03
1.027000000000000000e+03
1.047000000000000000e+03
1.042000000000000000e+03
1.037000000000000000e+03
1.037000000000000000e+03
1.047000000000000000e+03
1.042000000000000000e+03
1.042000000000000000e+03
1.042000000000000000e+03
1.047000000000000000e+03
1.047000000000000000e+03
1.047000000000000000e+03
1.052000000000000000e+03
1.052000000000000000e+03
1.052000000000000000e+03
1.058000000000000000e+03
1.058000000000000000e+03
1.058000000000000000e+03
1.053000000000000000e+03
1.063000000000000000e+03
1.063000000000000000e+03
1.073000000000000000e+03
1.077000000000000000e+03
1.077000000000000000e+03
1.070000000000000000e+03
1.090000000000000000e+03
1.083000000000000000e+03
1.083000000000000000e+03
1.083000000000000000e+03
1.085000000000000000e+03
1.085000000000000000e+03
1.088000000000000000e+03
1.088000000000000000e+03
1.081000000000000000e+03
1.081000000000000000e+03
1.091000000000000000e+03
1.091000000000000000e+03
1.084000000000000000e+03
1.084000000000000000e+03
1.084000000000000000e+03
1.084000000000000000e+03
1.076000000000000000e+03
1.086000000000000000e+03
1.086000000000000000e+03
1.089000000000000000e+03
1.099000000000000000e+03
1.091000000000000000e+03
1.101000000000000000e+03
1.101000000000000000e+03
1.094000000000000000e+03
1.094000000000000000e+03
1.104000000000000000e+03
1.098000000000000000e+03
1.091000000000000000e+03
1.101000000000000000e+03
1.101000000000000000e+03
1.101000000000000000e+03
1.095000000000000000e+03
1.105000000000000000e+03
1.105000000000000000e+03
1.119000000000000000e+03
1.114000000000000000e+03
1.124000000000000000e+03
1.124000000000000000e+03
1.129000000000000000e+03
1.129000000000000000e+03
1.124000000000000000e+03
1.124000000000000000e+03
1.124000000000000000e+03
1.129000000000000000e+03
1.129000000000000000e+03
1.129000000000000000e+03
1.124000000000000000e+03
1.119000000000000000e+03
1.129000000000000000e+03
1.124000000000000000e+03
1.124000000000000000e+03
1.134000000000000000e+03
1.129000000000000000e+03
1.149000000000000000e+03
1.149000000000000000e+03
1.154000000000000000e+03
1.154000000000000000e+03
1.154000000000000000e+03
1.154000000000000000e+03
1.149000000000000000e+03
1.149000000000000000e+03
1.159000000000000000e+03
1.154000000000000000e+03
1.154000000000000000e+03
1.158000000000000000e+03
1.158000000000000000e+03
1.158000000000000000e+03
1.152000000000000000e+03
1.152000000000000000e+03
1.162000000000000000e+03
1.157000000000000000e+03
1.157000000000000000e+03
1.177000000000000000e+03
1.177000000000000000e+03
1.170000000000000000e+03
1.170000000000000000e+03
1.170000000000000000e+03
1.190000000000000000e+03
1.183000000000000000e+03
1.183000000000000000e+03
1.185000000000000000e+03
1.185000000000000000e+03
1.185000000000000000e+03
1.178000000000000000e+03
1.188000000000000000e+03
1.188000000000000000e+03
1.180000000000000000e+03
1.180000000000000000e+03
1.180000000000000000e+03
1.180000000000000000e+03
1.183000000000000000e+03
1.183000000000000000e+03
1.193000000000000000e+03
1.186000000000000000e+03
1.186000000000000000e+03
1.179000000000000000e+03
1.179000000000000000e+03
1.179000000000000000e+03
1.182000000000000000e+03
1.182000000000000000e+03
1.182000000000000000e+03
1.174000000000000000e+03
1.174000000000000000e+03
1.184000000000000000e+03
1.177000000000000000e+03
1.177000000000000000e+03
1.187000000000000000e+03
1.180000000000000000e+03
1.180000000000000000e+03
1.180000000000000000e+03
1.184000000000000000e+03
1.177000000000000000e+03
1.187000000000000000e+03
1.187000000000000000e+03
1.197000000000000000e+03
1.201000000000000000e+03
1.201000000000000000e+03
1.201000000000000000e+03
1.201000000000000000e+03
1.196000000000000000e+03
1.206000000000000000e+03
1.206000000000000000e+03
1.200000000000000000e+03
1.194000000000000000e+03
1.194000000000000000e+03
1.204000000000000000e+03
1.198000000000000000e+03
1.198000000000000000e+03
1.192000000000000000e+03
1.197000000000000000e+03
1.197000000000000000e+03
1.192000000000000000e+03
1.192000000000000000e+03
1.202000000000000000e+03
1.202000000000000000e+03
1.217000000000000000e+03
1.217000000000000000e+03
1.217000000000000000e+03
1.212000000000000000e+03
1.222000000000000000e+03
1.222000000000000000e+03
1.222000000000000000e+03
1.217000000000000000e+03
1.217000000000000000e+03
1.217000000000000000e+03
1.222000000000000000e+03
1.222000000000000000e+03
1.222000000000000000e+03
1.217000000000000000e+03
1.217000000000000000e+03
1.227000000000000000e+03
1.227000000000000000e+03
1.222000000000000000e+03
1.222000000000000000e+03
1.222000000000000000e+03
1.222000000000000000e+03
1.227000000000000000e+03
1.227000000000000000e+03
1.247000000000000000e+03
1.247000000000000000e+03
1.241000000000000000e+03
1.241000000000000000e+03
1.241000000000000000e+03
1.251000000000000000e+03
1.244000000000000000e+03
1.244000000000000000e+03
1.244000000000000000e+03
1.237000000000000000e+03
1.247000000000000000e+03
1.247000000000000000e+03
1.240000000000000000e+03
1.250000000000000000e+03
1.250000000000000000e+03
1.250000000000000000e+03
1.253000000000000000e+03
1.253000000000000000e+03
1.253000000000000000e+03
1.246000000000000000e+03
1.246000000000000000e+03
1.246000000000000000e+03
1.249000000000000000e+03
1.249000000000000000e+03
1.249000000000000000e+03
1.261000000000000000e+03
1.261000000000000000e+03
1.271000000000000000e+03
1.264000000000000000e+03
1.267000000000000000e+03
1.267000000000000000e+03
1.261000000000000000e+03
1.271000000000000000e+03
1.271000000000000000e+03
1.271000000000000000e+03
1.265000000000000000e+03
1.275000000000000000e+03
1.269000000000000000e+03
1.269000000000000000e+03
1.269000000000000000e+03
1.264000000000000000e+03
1.264000000000000000e+03
1.274000000000000000e+03
1.274000000000000000e+03
1.278000000000000000e+03
1.278000000000000000e+03
1.278000000000000000e+03
1.272000000000000000e+03
1.272000000000000000e+03
1.272000000000000000e+03
1.272000000000000000e+03
1.266000000000000000e+03
1.276000000000000000e+03
1.276000000000000000e+03
1.276000000000000000e+03
1.279000000000000000e+03
1.289000000000000000e+03
1.289000000000000000e+03
1.289000000000000000e+03
1.292000000000000000e+03
1.292000000000000000e+03
1.292000000000000000e+03
1.296000000000000000e+03
1.296000000000000000e+03
1.296000000000000000e+03
1.296000000000000000e+03
1.300000000000000000e+03
1.300000000000000000e+03
1.300000000000000000e+03
1.296000000000000000e+03
1.296000000000000000e+03
1.296000000000000000e+03
1.296000000000000000e+03
1.301000000000000000e+03
1.311000000000000000e+03
1.311000000000000000e+03
1.321000000000000000e+03
1.316000000000000000e+03
1.316000000000000000e+03
1.311000000000000000e+03
1.311000000000000000e+03
1.311000000000000000e+03
1.307000000000000000e+03
1.317000000000000000e+03
1.317000000000000000e+03
1.317000000000000000e+03
1.312000000000000000e+03
1.312000000000000000e+03
1.322000000000000000e+03
1.322000000000000000e+03
1.317000000000000000e+03
1.327000000000000000e+03
1.327000000000000000e+03
1.322000000000000000e+03
1.332000000000000000e+03
1.332000000000000000e+03
1.342000000000000000e+03
1.337000000000000000e+03
1.337000000000000000e+03
1.337000000000000000e+03
1.352000000000000000e+03
1.352000000000000000e+03
1.347000000000000000e+03
1.347000000000000000e+03
1.341000000000000000e+03
1.351000000000000000e+03
1.361000000000000000e+03
1.355000000000000000e+03
1.355000000000000000e+03
1.350000000000000000e+03
1.360000000000000000e+03
1.360000000000000000e+03
1.355000000000000000e+03
1.355000000000000000e+03
1.355000000000000000e+03
1.365000000000000000e+03
1.360000000000000000e+03
1.360000000000000000e+03
1.360000000000000000e+03
1.355000000000000000e+03
1.355000000000000000e+03
1.355000000000000000e+03
1.360000000000000000e+03
1.360000000000000000e+03
1.370000000000000000e+03
1.370000000000000000e+03
1.365000000000000000e+03
1.375000000000000000e+03
1.375000000000000000e+03
1.375000000000000000e+03
1.380000000000000000e+03
1.380000000000000000e+03
1.390000000000000000e+03
1.390000000000000000e+03
1.385000000000000000e+03
1.395000000000000000e+03
1.395000000000000000e+03
1.395000000000000000e+03
1.400000000000000000e+03
1.400000000000000000e+03
1.400000000000000000e+03
1.395000000000000000e+03
1.405000000000000000e+03
1.415000000000000000e+03
1.415000000000000000e+03
1.410000000000000000e+03
1.405000000000000000e+03
1.410000000000000000e+03
1.420000000000000000e+03
1.414000000000000000e+03
1.414000000000000000e+03
1.434000000000000000e+03
1.429000000000000000e+03
1.439000000000000000e+03
1.434000000000000000e+03
1.434000000000000000e+03
1.429000000000000000e+03
1.434000000000000000e+03
1.434000000000000000e+03
1.434000000000000000e+03
1.439000000000000000e+03
1.439000000000000000e+03
1.435000000000000000e+03
1.435000000000000000e+03
1.435000000000000000e+03
1.435000000000000000e+03
1.430000000000000000e+03
1.440000000000000000e+03
1.440000000000000000e+03
1.435000000000000000e+03
1.435000000000000000e+03
1.435000000000000000e+03
1.429000000000000000e+03
1.439000000000000000e+03
1.439000000000000000e+03
1.434000000000000000e+03
1.434000000000000000e+03
1.444000000000000000e+03
1.444000000000000000e+03
1.439000000000000000e+03
1.449000000000000000e+03
1.449000000000000000e+03
1.454000000000000000e+03
1.454000000000000000e+03
1.474000000000000000e+03
1.469000000000000000e+03
1.469000000000000000e+03
1.474000000000000000e+03
1.470000000000000000e+03
1.470000000000000000e+03
1.480000000000000000e+03
1.475000000000000000e+03
1.475000000000000000e+03
1.485000000000000000e+03
1.479000000000000000e+03
1.489000000000000000e+03
1.478000000000000000e+03
1.478000000000000000e+03
1.474000000000000000e+03
1.484000000000000000e+03
1.479000000000000000e+03
1.479000000000000000e+03
1.479000000000000000e+03
1.499000000000000000e+03
1.494000000000000000e+03
1.494000000000000000e+03
1.504000000000000000e+03
1.509000000000000000e+03
1.509000000000000000e+03
1.509000000000000000e+03
1.503000000000000000e+03
1.513000000000000000e+03
1.508000000000000000e+03
1.518000000000000000e+03
1.513000000000000000e+03
1.513000000000000000e+03
1.508000000000000000e+03
1.518000000000000000e+03
1.512000000000000000e+03
1.512000000000000000e+03
1.522000000000000000e+03
1.522000000000000000e+03
1.536000000000000000e+03
1.536000000000000000e+03
1.536000000000000000e+03
1.546000000000000000e+03
1.540000000000000000e+03
1.540000000000000000e+03
1.550000000000000000e+03
1.544000000000000000e+03
1.544000000000000000e+03
1.554000000000000000e+03
1.547000000000000000e+03
1.547000000000000000e+03
1.547000000000000000e+03
1.547000000000000000e+03
1.542000000000000000e+03
1.542000000000000000e+03
1.546000000000000000e+03
1.541000000000000000e+03
1.541000000000000000e+03
1.536000000000000000e+03
1.536000000000000000e+03
1.531000000000000000e+03
1.541000000000000000e+03
1.541000000000000000e+03
1.537000000000000000e+03
1.537000000000000000e+03
1.532000000000000000e+03
1.538000000000000000e+03
1.548000000000000000e+03
1.544000000000000000e+03
1.544000000000000000e+03
1.544000000000000000e+03
1.550000000000000000e+03
1.550000000000000000e+03
1.550000000000000000e+03
1.545000000000000000e+03
1.545000000000000000e+03
1.541000000000000000e+03
1.541000000000000000e+03
1.538000000000000000e+03
1.538000000000000000e+03
1.538000000000000000e+03
1.535000000000000000e+03
1.535000000000000000e+03
1.532000000000000000e+03
1.542000000000000000e+03
1.542000000000000000e+03
1.542000000000000000e+03
1.539000000000000000e+03
1.539000000000000000e+03
1.539000000000000000e+03
1.535000000000000000e+03
1.545000000000000000e+03
1.545000000000000000e+03
1.542000000000000000e+03
1.542000000000000000e+03
1.542000000000000000e+03
1.540000000000000000e+03
1.540000000000000000e+03
1.538000000000000000e+03
1.538000000000000000e+03
1.538000000000000000e+03
1.537000000000000000e+03
1.537000000000000000e+03
1.537000000000000000e+03
1.537000000000000000e+03
1.535000000000000000e+03
1.535000000000000000e+03
1.535000000000000000e+03
1.533000000000000000e+03
1.533000000000000000e+03
1.533000000000000000e+03
1.530000000000000000e+03
1.530000000000000000e+03
0.000000000000000000e+00
0.000000000000000000e+00
0.000000000000000000e+00
0.000000000000000000e+00
0.000000000000000000e+00
0.000000000000000000e+00
0.000000000000000000e+00
0.000000000000000000e+00
0.000000000000000000e+00
0.000000000000000000e+00
0.000000000000000000e+00
0.000000000000000000e+00
0.000000000000000000e+00
0.000000000000000000e+00
0.000000000000000000e+00
0.000000000000000000e+00
0.000000000000000000e+00
0.000000000000000000e+00
0.000000000000000000e+00
0.000000000000000000e+00
0.000000000000000000e+00
0.000000000000000000e+00
0.000000000000000000e+00
0.000000000000000000e+00
0.000000000000000000e+00
0.000000000000000000e+00
0.000000000000000000e+00
0.000000000000000000e+00
0.000000000000000000e+00
0.000000000000000000e+00
0.000000000000000000e+00
0.000000000000000000e+00
0.000000000000000000e+00
0.000000000000000000e+00
0.000000000000000000e+00
0.000000000000000000e+00
0.000000000000000000e+00
0.000000000000000000e+00
0.000000000000000000e+00
0.000000000000000000e+00
0.000000000000000000e+00
0.000000000000000000e+00
0.000000000000000000e+00
0.000000000000000000e+00
0.000000000000000000e+00
0.000000000000000000e+00
0.000000000000000000e+00
0.000000000000000000e+00
0.000000000000000000e+00
0.000000000000000000e+00
0.000000000000000000e+00
0.000000000000000000e+00
0.000000000000000000e+00
0.000000000000000000e+00
0.000000000000000000e+00
0.000000000000000000e+00
0.000000000000000000e+00
0.000000000000000000e+00
0.000000000000000000e+00
0.000000000000000000e+00
0.000000000000000000e+00
0.000000000000000000e+00
0.000000000000000000e+00
0.000000000000000000e+00
0.000000000000000000e+00
0.000000000000000000e+00
0.000000000000000000e+00
0.000000000000000000e+00
0.000000000000000000e+00
0.000000000000000000e+00
0.000000000000000000e+00
0.000000000000000000e+00
0.000000000000000000e+00
0.000000000000000000e+00
0.000000000000000000e+00
0.000000000000000000e+00
0.000000000000000000e+00
0.000000000000000000e+00
0.000000000000000000e+00
0.000000000000000000e+00
0.000000000000000000e+00
0.000000000000000000e+00
0.000000000000000000e+00
0.000000000000000000e+00
0.000000000000000000e+00
0.000000000000000000e+00
0.000000000000000000e+00
0.000000000000000000e+00
0.000000000000000000e+00
0.000000000000000000e+00
0.000000000000000000e+00
0.000000000000000000e+00
0.000000000000000000e+00
0.000000000000000000e+00
0.000000000000000000e+00
0.000000000000000000e+00
0.000000000000000000e+00
0.000000000000000000e+00
0.000000000000000000e+00
0.000000000000000000e+00
0.000000000000000000e+00
0.000000000000000000e+00
0.000000000000000000e+00
0.000000000000000000e+00
0.000000000000000000e+00
0.000000000000000000e+00
0.000000000000000000e+00
0.000000000000000000e+00
0.000000000000000000e+00
0.000000000000000000e+00
0.000000000000000000e+00
0.000000000000000000e+00
0.000000000000000000e+00
0.000000000000000000e+00
0.000000000000000000e+00
0.000000000000000000e+00
0.000000000000000000e+00
0.000000000000000000e+00
0.000000000000000000e+00
0.000000000000000000e+00
0.000000000000000000e+00
0.000000000000000000e+00
0.000000000000000000e+00
0.000000000000000000e+00
0.000000000000000000e+00
0.000000000000000000e+00
0.000000000000000000e+00
0.000000000000000000e+00
0.000000000000000000e+00
0.000000000000000000e+00
0.000000000000000000e+00
0.000000000000000000e+00
0.000000000000000000e+00
0.000000000000000000e+00
0.000000000000000000e+00
0.000000000000000000e+00
0.000000000000000000e+00
0.000000000000000000e+00
0.000000000000000000e+00
0.000000000000000000e+00
0.000000000000000000e+00
0.000000000000000000e+00
0.000000000000000000e+00
0.000000000000000000e+00
0.000000000000000000e+00
0.000000000000000000e+00
0.000000000000000000e+00
0.000000000000000000e+00
0.000000000000000000e+00
0.000000000000000000e+00
0.000000000000000000e+00
0.000000000000000000e+00
0.000000000000000000e+00
0.000000000000000000e+00
0.000000000000000000e+00
0.000000000000000000e+00
0.000000000000000000e+00
0.000000000000000000e+00
0.000000000000000000e+00
0.000000000000000000e+00
0.000000000000000000e+00
0.000000000000000000e+00
0.000000000000000000e+00
0.000000000000000000e+00
0.000000000000000000e+00
0.000000000000000000e+00
0.000000000000000000e+00
0.000000000000000000e+00
0.000000000000000000e+00
0.000000000000000000e+00
0.000000000000000000e+00
0.000000000000000000e+00
0.000000000000000000e+00
0.000000000000000000e+00
0.000000000000000000e+00
0.000000000000000000e+00
0.000000000000000000e+00
0.000000000000000000e+00
0.000000000000000000e+00
0.000000000000000000e+00
0.000000000000000000e+00
0.000000000000000000e+00
0.000000000000000000e+00
0.000000000000000000e+00
0.000000000000000000e+00
0.000000000000000000e+00
0.000000000000000000e+00
0.000000000000000000e+00
0.000000000000000000e+00
0.000000000000000000e+00
0.000000000000000000e+00
0.000000000000000000e+00
0.000000000000000000e+00
0.000000000000000000e+00
0.000000000000000000e+00
0.000000000000000000e+00
0.000000000000000000e+00
0.000000000000000000e+00
0.000000000000000000e+00
0.000000000000000000e+00
0.000000000000000000e+00
0.000000000000000000e+00
0.000000000000000000e+00
0.000000000000000000e+00
0.000000000000000000e+00
0.000000000000000000e+00
0.000000000000000000e+00
0.000000000000000000e+00
0.000000000000000000e+00
0.000000000000000000e+00
0.000000000000000000e+00
0.000000000000000000e+00
0.000000000000000000e+00
0.000000000000000000e+00
0.000000000000000000e+00
0.000000000000000000e+00
0.000000000000000000e+00
0.000000000000000000e+00
0.000000000000000000e+00
0.000000000000000000e+00
0.000000000000000000e+00
0.000000000000000000e+00
0.000000000000000000e+00
0.000000000000000000e+00
0.000000000000000000e+00
0.000000000000000000e+00
0.000000000000000000e+00
0.000000000000000000e+00
0.000000000000000000e+00
0.000000000000000000e+00
0.000000000000000000e+00
0.000000000000000000e+00
0.000000000000000000e+00
0.000000000000000000e+00
0.000000000000000000e+00
0.000000000000000000e+00
0.000000000000000000e+00
0.000000000000000000e+00
0.000000000000000000e+00
0.000000000000000000e+00
0.000000000000000000e+00
0.000000000000000000e+00
0.000000000000000000e+00
0.000000000000000000e+00
0.000000000000000000e+00
0.000000000000000000e+00
0.000000000000000000e+00
0.000000000000000000e+00
0.000000000000000000e+00
0.000000000000000000e+00
0.000000000000000000e+00
0.000000000000000000e+00
0.000000000000000000e+00
0.000000000000000000e+00
0.000000000000000000e+00
0.000000000000000000e+00
0.000000000000000000e+00
0.000000000000000000e+00
0.000000000000000000e+00
0.000000000000000000e+00
0.000000000000000000e+00
0.000000000000000000e+00
0.000000000000000000e+00
0.000000000000000000e+00
0.000000000000000000e+00
0.000000000000000000e+00
0.000000000000000000e+00
0.000000000000000000e+00
0.000000000000000000e+00
0.000000000000000000e+00
0.000000000000000000e+00
0.000000000000000000e+00
0.000000000000000000e+00
0.000000000000000000e+00
0.000000000000000000e+00
0.000000000000000000e+00
0.000000000000000000e+00
0.000000000000000000e+00
0.000000000000000000e+00
0.000000000000000000e+00
0.000000000000000000e+00
0.000000000000000000e+00
0.000000000000000000e+00
0.000000000000000000e+00
0.000000000000000000e+00
0.000000000000000000e+00
0.000000000000000000e+00
0.000000000000000000e+00
0.000000000000000000e+00
0.000000000000000000e+00
0.000000000000000000e+00
0.000000000000000000e+00
0.000000000000000000e+00
0.000000000000000000e+00
0.000000000000000000e+00
0.000000000000000000e+00
0.000000000000000000e+00
0.000000000000000000e+00
0.000000000000000000e+00
0.000000000000000000e+00
0.000000000000000000e+00
0.000000000000000000e+00
0.000000000000000000e+00
0.000000000000000000e+00
0.000000000000000000e+00
0.000000000000000000e+00
0.000000000000000000e+00
0.000000000000000000e+00
0.000000000000000000e+00
0.000000000000000000e+00
0.000000000000000000e+00
0.000000000000000000e+00
0.000000000000000000e+00
0.000000000000000000e+00
0.000000000000000000e+00
0.000000000000000000e+00
0.000000000000000000e+00
0.000000000000000000e+00
0.000000000000000000e+00
0.000000000000000000e+00
0.000000000000000000e+00
0.000000000000000000e+00
0.000000000000000000e+00
0.000000000000000000e+00
0.000000000000000000e+00
0.000000000000000000e+00
0.000000000000000000e+00
0.000000000000000000e+00
0.000000000000000000e+00
0.000000000000000000e+00
0.000000000000000000e+00
0.000000000000000000e+00
0.000000000000000000e+00
0.000000000000000000e+00
0.000000000000000000e+00
0.000000000000000000e+00
0.000000000000000000e+00
0.000000000000000000e+00
0.000000000000000000e+00
0.000000000000000000e+00
0.000000000000000000e+00
0.000000000000000000e+00
0.000000000000000000e+00
0.000000000000000000e+00
0.000000000000000000e+00
0.000000000000000000e+00
0.000000000000000000e+00
0.000000000000000000e+00
0.000000000000000000e+00
0.000000000000000000e+00
0.000000000000000000e+00
0.000000000000000000e+00
0.000000000000000000e+00
0.000000000000000000e+00
0.000000000000000000e+00
0.000000000000000000e+00
0.000000000000000000e+00
0.000000000000000000e+00
0.000000000000000000e+00
0.000000000000000000e+00
0.000000000000000000e+00
0.000000000000000000e+00
0.000000000000000000e+00
0.000000000000000000e+00
0.000000000000000000e+00
0.000000000000000000e+00
0.000000000000000000e+00
0.000000000000000000e+00
0.000000000000000000e+00
0.000000000000000000e+00
0.000000000000000000e+00
0.000000000000000000e+00
0.000000000000000000e+00
0.000000000000000000e+00
0.000000000000000000e+00
0.000000000000000000e+00
0.000000000000000000e+00
0.000000000000000000e+00
0.000000000000000000e+00
0.000000000000000000e+00
0.000000000000000000e+00
0.000000000000000000e+00
0.000000000000000000e+00
0.000000000000000000e+00
0.000000000000000000e+00
0.000000000000000000e+00
0.000000000000000000e+00
0.000000000000000000e+00
0.000000000000000000e+00
0.000000000000000000e+00
0.000000000000000000e+00
0.000000000000000000e+00
0.000000000000000000e+00
0.000000000000000000e+00
0.000000000000000000e+00
0.000000000000000000e+00
0.000000000000000000e+00
0.000000000000000000e+00
0.000000000000000000e+00
0.000000000000000000e+00
0.000000000000000000e+00
0.000000000000000000e+00
0.000000000000000000e+00
0.000000000000000000e+00
0.000000000000000000e+00
0.000000000000000000e+00
0.000000000000000000e+00
0.000000000000000000e+00
0.000000000000000000e+00
0.000000000000000000e+00
0.000000000000000000e+00
0.000000000000000000e+00
0.000000000000000000e+00
0.000000000000000000e+00
0.000000000000000000e+00
0.000000000000000000e+00
0.000000000000000000e+00
0.000000000000000000e+00
0.000000000000000000e+00
0.000000000000000000e+00
0.000000000000000000e+00
0.000000000000000000e+00
0.000000000000000000e+00
0.000000000000000000e+00
0.000000000000000000e+00
0.000000000000000000e+00
0.000000000000000000e+00
0.000000000000000000e+00
0.000000000000000000e+00
0.000000000000000000e+00
0.000000000000000000e+00
0.000000000000000000e+00
0.000000000000000000e+00
0.000000000000000000e+00
0.000000000000000000e+00
0.000000000000000000e+00
0.000000000000000000e+00
0.000000000000000000e+00
0.000000000000000000e+00
0.000000000000000000e+00
0.000000000000000000e+00
0.000000000000000000e+00
0.000000000000000000e+00
0.000000000000000000e+00
0.000000000000000000e+00
0.000000000000000000e+00
0.000000000000000000e+00
0.000000000000000000e+00
0.000000000000000000e+00
0.000000000000000000e+00
0.000000000000000000e+00
0.000000000000000000e+00
0.000000000000000000e+00
0.000000000000000000e+00
0.000000000000000000e+00
0.000000000000000000e+00
0.000000000000000000e+00
0.000000000000000000e+00
0.000000000000000000e+00
0.000000000000000000e+00
0.000000000000000000e+00
0.000000000000000000e+00
0.000000000000000000e+00
0.000000000000000000e+00
0.000000000000000000e+00
0.000000000000000000e+00
0.000000000000000000e+00
0.000000000000000000e+00
0.000000000000000000e+00
0.000000000000000000e+00
0.000000000000000000e+00
0.000000000000000000e+00
0.000000000000000000e+00
0.000000000000000000e+00
0.000000000000000000e+00
0.000000000000000000e+00
0.000000000000000000e+00
0.000000000000000000e+00
0.000000000000000000e+00
0.000000000000000000e+00
0.000000000000000000e+00
0.000000000000000000e+00
0.000000000000000000e+00
0.000000000000000000e+00
0.000000000000000000e+00
0.000000000000000000e+00
0.000000000000000000e+00
0.000000000000000000e+00
0.000000000000000000e+00
0.000000000000000000e+00
0.000000000000000000e+00
0.000000000000000000e+00
0.000000000000000000e+00
0.000000000000000000e+00
0.000000000000000000e+00
0.000000000000000000e+00
0.000000000000000000e+00
0.000000000000000000e+00
0.000000000000000000e+00
0.000000000000000000e+00
0.000000000000000000e+00
0.000000000000000000e+00
0.000000000000000000e+00
0.000000000000000000e+00
0.000000000000000000e+00
0.000000000000000000e+00
0.000000000000000000e+00
0.000000000000000000e+00
0.000000000000000000e+00
0.000000000000000000e+00
0.000000000000000000e+00
0.000000000000000000e+00
0.000000000000000000e+00
0.000000000000000000e+00
0.000000000000000000e+00
0.000000000000000000e+00
0.000000000000000000e+00
0.000000000000000000e+00
0.000000000000000000e+00
0.000000000000000000e+00
0.000000000000000000e+00
0.000000000000000000e+00
0.000000000000000000e+00
0.000000000000000000e+00
0.000000000000000000e+00
0.000000000000000000e+00
0.000000000000000000e+00
0.000000000000000000e+00
0.000000000000000000e+00
0.000000000000000000e+00
0.000000000000000000e+00
0.000000000000000000e+00
0.000000000000000000e+00
0.000000000000000000e+00
0.000000000000000000e+00
0.000000000000000000e+00
0.000000000000000000e+00
0.000000000000000000e+00
0.000000000000000000e+00
0.000000000000000000e+00
0.000000000000000000e+00
0.000000000000000000e+00
0.000000000000000000e+00
0.000000000000000000e+00
0.000000000000000000e+00
0.000000000000000000e+00
0.000000000000000000e+00
0.000000000000000000e+00
0.000000000000000000e+00
0.000000000000000000e+00
0.000000000000000000e+00
0.000000000000000000e+00
0.000000000000000000e+00
0.000000000000000000e+00
0.000000000000000000e+00
0.000000000000000000e+00
0.000000000000000000e+00
0.000000000000000000e+00
0.000000000000000000e+00
0.000000000000000000e+00
0.000000000000000000e+00
0.000000000000000000e+00
0.000000000000000000e+00
0.000000000000000000e+00
0.000000000000000000e+00
0.000000000000000000e+00
0.000000000000000000e+00
0.000000000000000000e+00
0.000000000000000000e+00
0.000000000000000000e+00
0.000000000000000000e+00
0.000000000000000000e+00
0.000000000000000000e+00
0.000000000000000000e+00
0.000000000000000000e+00
0.000000000000000000e+00
0.000000000000000000e+00
0.000000000000000000e+00
0.000000000000000000e+00
0.000000000000000000e+00
0.000000000000000000e+00
0.000000000000000000e+00
0.000000000000000000e+00
0.000000000000000000e+00
0.000000000000000000e+00
0.000000000000000000e+00
0.000000000000000000e+00
0.000000000000000000e+00
0.000000000000000000e+00
0.000000000000000000e+00
0.000000000000000000e+00
0.000000000000000000e+00
0.000000000000000000e+00
0.000000000000000000e+00
0.000000000000000000e+00
0.000000000000000000e+00
0.000000000000000000e+00
0.000000000000000000e+00
0.000000000000000000e+00
0.000000000000000000e+00
0.000000000000000000e+00
0.000000000000000000e+00
0.000000000000000000e+00
0.000000000000000000e+00
0.000000000000000000e+00
0.000000000000000000e+00
0.000000000000000000e+00
0.000000000000000000e+00
0.000000000000000000e+00
0.000000000000000000e+00
0.000000000000000000e+00
0.000000000000000000e+00
0.000000000000000000e+00
0.000000000000000000e+00
0.000000000000000000e+00
0.000000000000000000e+00
0.000000000000000000e+00
0.000000000000000000e+00
0.000000000000000000e+00
0.000000000000000000e+00
0.000000000000000000e+00
0.000000000000000000e+00
0.000000000000000000e+00
0.000000000000000000e+00
0.000000000000000000e+00
0.000000000000000000e+00
0.000000000000000000e+00
0.000000000000000000e+00
0.000000000000000000e+00
0.000000000000000000e+00
0.000000000000000000e+00
0.000000000000000000e+00
0.000000000000000000e+00
0.000000000000000000e+00
0.000000000000000000e+00
0.000000000000000000e+00
0.000000000000000000e+00
0.000000000000000000e+00
0.000000000000000000e+00
0.000000000000000000e+00
0.000000000000000000e+00
0.000000000000000000e+00
0.000000000000000000e+00
0.000000000000000000e+00
0.000000000000000000e+00
0.000000000000000000e+00
0.000000000000000000e+00
0.000000000000000000e+00
0.000000000000000000e+00
0.000000000000000000e+00
0.000000000000000000e+00
0.000000000000000000e+00
0.000000000000000000e+00
0.000000000000000000e+00
0.000000000000000000e+00
0.000000000000000000e+00
0.000000000000000000e+00
0.000000000000000000e+00
0.000000000000000000e+00
0.000000000000000000e+00
0.000000000000000000e+00
0.000000000000000000e+00
0.000000000000000000e+00
0.000000000000000000e+00
0.000000000000000000e+00
0.000000000000000000e+00
0.000000000000000000e+00
0.000000000000000000e+00
0.000000000000000000e+00
0.000000000000000000e+00
0.000000000000000000e+00
0.000000000000000000e+00
0.000000000000000000e+00
0.000000000000000000e+00
0.000000000000000000e+00
0.000000000000000000e+00
0.000000000000000000e+00
0.000000000000000000e+00
0.000000000000000000e+00
0.000000000000000000e+00
0.000000000000000000e+00
0.000000000000000000e+00
0.000000000000000000e+00
0.000000000000000000e+00
0.000000000000000000e+00
0.000000000000000000e+00
0.000000000000000000e+00
0.000000000000000000e+00
0.000000000000000000e+00
0.000000000000000000e+00
0.000000000000000000e+00
0.000000000000000000e+00
0.000000000000000000e+00
0.000000000000000000e+00
0.000000000000000000e+00
0.000000000000000000e+00
0.000000000000000000e+00
0.000000000000000000e+00
0.000000000000000000e+00
0.000000000000000000e+00
0.000000000000000000e+00
0.000000000000000000e+00
0.000000000000000000e+00
0.000000000000000000e+00
0.000000000000000000e+00
0.000000000000000000e+00
0.000000000000000000e+00
0.000000000000000000e+00
0.000000000000000000e+00
0.000000000000000000e+00
0.000000000000000000e+00
0.000000000000000000e+00
0.000000000000000000e+00
0.000000000000000000e+00
0.000000000000000000e+00
0.000000000000000000e+00
0.000000000000000000e+00
0.000000000000000000e+00
0.000000000000000000e+00
0.000000000000000000e+00
0.000000000000000000e+00
0.000000000000000000e+00
0.000000000000000000e+00
0.000000000000000000e+00
0.000000000000000000e+00
0.000000000000000000e+00
0.000000000000000000e+00
0.000000000000000000e+00
0.000000000000000000e+00
0.000000000000000000e+00
0.000000000000000000e+00
0.000000000000000000e+00
0.000000000000000000e+00
0.000000000000000000e+00
0.000000000000000000e+00
0.000000000000000000e+00
0.000000000000000000e+00
0.000000000000000000e+00
0.000000000000000000e+00
0.000000000000000000e+00
0.000000000000000000e+00
0.000000000000000000e+00
0.000000000000000000e+00
0.000000000000000000e+00
0.000000000000000000e+00
0.000000000000000000e+00
0.000000000000000000e+00
0.000000000000000000e+00
0.000000000000000000e+00
0.000000000000000000e+00
0.000000000000000000e+00
0.000000000000000000e+00
0.000000000000000000e+00
0.000000000000000000e+00
0.000000000000000000e+00
0.000000000000000000e+00
0.000000000000000000e+00
0.000000000000000000e+00
0.000000000000000000e+00
0.000000000000000000e+00
0.000000000000000000e+00
0.000000000000000000e+00
0.000000000000000000e+00
0.000000000000000000e+00
0.000000000000000000e+00
0.000000000000000000e+00
0.000000000000000000e+00
0.000000000000000000e+00
0.000000000000000000e+00
0.000000000000000000e+00
0.000000000000000000e+00
0.000000000000000000e+00
0.000000000000000000e+00
0.000000000000000000e+00
0.000000000000000000e+00
0.000000000000000000e+00
0.000000000000000000e+00
0.000000000000000000e+00
0.000000000000000000e+00
0.000000000000000000e+00
0.000000000000000000e+00
0.000000000000000000e+00
0.000000000000000000e+00
0.000000000000000000e+00
0.000000000000000000e+00
0.000000000000000000e+00
0.000000000000000000e+00
0.000000000000000000e+00
0.000000000000000000e+00
0.000000000000000000e+00
0.000000000000000000e+00
0.000000000000000000e+00
0.000000000000000000e+00
0.000000000000000000e+00
0.000000000000000000e+00
0.000000000000000000e+00
0.000000000000000000e+00
0.000000000000000000e+00
0.000000000000000000e+00
0.000000000000000000e+00
0.000000000000000000e+00
0.000000000000000000e+00
0.000000000000000000e+00
0.000000000000000000e+00
0.000000000000000000e+00
0.000000000000000000e+00
0.000000000000000000e+00
0.000000000000000000e+00
0.000000000000000000e+00
0.000000000000000000e+00
0.000000000000000000e+00
0.000000000000000000e+00
0.000000000000000000e+00
0.000000000000000000e+00
0.000000000000000000e+00
0.000000000000000000e+00
0.000000000000000000e+00
0.000000000000000000e+00
0.000000000000000000e+00
0.000000000000000000e+00
0.000000000000000000e+00
0.000000000000000000e+00
0.000000000000000000e+00
0.000000000000000000e+00
0.000000000000000000e+00
0.000000000000000000e+00
0.000000000000000000e+00
0.000000000000000000e+00
0.000000000000000000e+00
0.000000000000000000e+00
0.000000000000000000e+00
0.000000000000000000e+00
0.000000000000000000e+00
0.000000000000000000e+00
0.000000000000000000e+00
0.000000000000000000e+00
0.000000000000000000e+00
0.000000000000000000e+00
0.000000000000000000e+00
0.000000000000000000e+00
0.000000000000000000e+00
0.000000000000000000e+00
0.000000000000000000e+00
0.000000000000000000e+00
0.000000000000000000e+00
0.000000000000000000e+00
0.000000000000000000e+00
0.000000000000000000e+00
0.000000000000000000e+00
0.000000000000000000e+00
0.000000000000000000e+00
0.000000000000000000e+00
0.000000000000000000e+00
0.000000000000000000e+00
0.000000000000000000e+00
0.000000000000000000e+00
0.000000000000000000e+00
0.000000000000000000e+00
0.000000000000000000e+00
0.000000000000000000e+00
0.000000000000000000e+00
0.000000000000000000e+00
0.000000000000000000e+00
0.000000000000000000e+00
0.000000000000000000e+00
0.000000000000000000e+00
0.000000000000000000e+00
0.000000000000000000e+00
0.000000000000000000e+00
0.000000000000000000e+00
0.000000000000000000e+00
0.000000000000000000e+00
0.000000000000000000e+00
0.000000000000000000e+00
0.000000000000000000e+00
0.000000000000000000e+00
0.000000000000000000e+00
0.000000000000000000e+00
0.000000000000000000e+00
0.000000000000000000e+00
0.000000000000000000e+00
0.000000000000000000e+00
0.000000000000000000e+00
0.000000000000000000e+00
0.000000000000000000e+00
0.000000000000000000e+00
0.000000000000000000e+00
0.000000000000000000e+00
0.000000000000000000e+00
0.000000000000000000e+00
0.000000000000000000e+00
0.000000000000000000e+00
0.000000000000000000e+00
0.000000000000000000e+00
0.000000000000000000e+00
0.000000000000000000e+00
0.000000000000000000e+00
0.000000000000000000e+00
0.000000000000000000e+00
0.000000000000000000e+00
0.000000000000000000e+00
0.000000000000000000e+00
0.000000000000000000e+00
0.000000000000000000e+00
0.000000000000000000e+00
0.000000000000000000e+00
0.000000000000000000e+00
0.000000000000000000e+00
0.000000000000000000e+00
0.000000000000000000e+00
0.000000000000000000e+00
0.000000000000000000e+00
0.000000000000000000e+00
0.000000000000000000e+00
0.000000000000000000e+00
0.000000000000000000e+00
0.000000000000000000e+00
0.000000000000000000e+00
0.000000000000000000e+00
0.000000000000000000e+00
0.000000000000000000e+00
0.000000000000000000e+00
0.000000000000000000e+00
0.000000000000000000e+00
0.000000000000000000e+00
0.000000000000000000e+00
0.000000000000000000e+00
0.000000000000000000e+00
0.000000000000000000e+00
0.000000000000000000e+00
0.000000000000000000e+00
0.000000000000000000e+00
0.000000000000000000e+00
0.000000000000000000e+00
0.000000000000000000e+00
0.000000000000000000e+00
0.000000000000000000e+00
0.000000000000000000e+00
0.000000000000000000e+00
0.000000000000000000e+00
0.000000000000000000e+00
0.000000000000000000e+00
0.000000000000000000e+00
0.000000000000000000e+00
0.000000000000000000e+00
0.000000000000000000e+00
0.000000000000000000e+00
0.000000000000000000e+00
0.000000000000000000e+00
0.000000000000000000e+00
0.000000000000000000e+00
0.000000000000000000e+00
0.000000000000000000e+00
0.000000000000000000e+00
0.000000000000000000e+00
0.000000000000000000e+00
0.000000000000000000e+00
0.000000000000000000e+00
0.000000000000000000e+00
0.000000000000000000e+00
0.000000000000000000e+00
0.000000000000000000e+00
0.000000000000000000e+00
0.000000000000000000e+00
0.000000000000000000e+00
0.000000000000000000e+00
0.000000000000000000e+00
0.000000000000000000e+00
0.000000000000000000e+00
0.000000000000000000e+00
0.000000000000000000e+00
0.000000000000000000e+00
0.000000000000000000e+00
0.000000000000000000e+00
0.000000000000000000e+00
0.000000000000000000e+00
0.000000000000000000e+00
0.000000000000000000e+00
0.000000000000000000e+00
0.000000000000000000e+00
0.000000000000000000e+00
0.000000000000000000e+00
0.000000000000000000e+00
0.000000000000000000e+00
0.000000000000000000e+00
0.000000000000000000e+00
0.000000000000000000e+00
0.000000000000000000e+00
0.000000000000000000e+00
0.000000000000000000e+00
0.000000000000000000e+00
0.000000000000000000e+00
0.000000000000000000e+00
0.000000000000000000e+00
0.000000000000000000e+00
0.000000000000000000e+00
0.000000000000000000e+00
0.000000000000000000e+00
0.000000000000000000e+00
0.000000000000000000e+00
0.000000000000000000e+00
0.000000000000000000e+00
0.000000000000000000e+00
0.000000000000000000e+00
0.000000000000000000e+00
0.000000000000000000e+00
0.000000000000000000e+00
0.000000000000000000e+00
0.000000000000000000e+00
0.000000000000000000e+00
0.000000000000000000e+00
0.000000000000000000e+00
0.000000000000000000e+00
0.000000000000000000e+00
0.000000000000000000e+00
0.000000000000000000e+00
0.000000000000000000e+00
0.000000000000000000e+00
0.000000000000000000e+00
0.000000000000000000e+00
0.000000000000000000e+00
0.000000000000000000e+00
0.000000000000000000e+00
0.000000000000000000e+00
0.000000000000000000e+00
0.000000000000000000e+00
0.000000000000000000e+00
0.000000000000000000e+00
0.000000000000000000e+00
0.000000000000000000e+00
0.000000000000000000e+00
0.000000000000000000e+00
0.000000000000000000e+00
