1.200000000000000000e+01
1.200000000000000000e+01
1.200000000000000000e+01
1.200000000000000000e+01
1.200000000000000000e+01
1.200000000000000000e+01
1.200000000000000000e+01
2.200000000000000000e+01
4.200000000000000000e+01
4.200000000000000000e+01
4.200000000000000000e+01
4.200000000000000000e+01
5.200000000000000000e+01
5.200000000000000000e+01
5.200000000000000000e+01
5.200000000000000000e+01
5.200000000000000000e+01
6.200000000000000000e+01
6.200000000000000000e+01
6.200000000000000000e+01
6.200000000000000000e+01
6.200000000000000000e+01
6.200000000000000000e+01
7.200000000000000000e+01
7.200000000000000000e+01
7.200000000000000000e+01
7.200000000000000000e+01
8.200000000000000000e+01
8.200000000000000000e+01
8.200000000000000000e+01
8.200000000000000000e+01
8.200000000000000000e+01
8.200000000000000000e+01
8.200000000000000000e+01
8.200000000000000000e+01
9.200000000000000000e+01
9.200000000000000000e+01
9.200000000000000000e+01
1.020000000000000000e+02
1.120000000000000000e+02
1.120000000000000000e+02
1.620000000000000000e+02
1.570000000000000000e+02
1.670000000000000000e+02
1.640000000000000000e+02
1.740000000000000000e+02
1.740000000000000000e+02
1.740000000000000000e+02
1.710000000000000000e+02
1.710000000000000000e+02
1.710000000000000000e+02
1.810000000000000000e+02
1.770000000000000000e+02
1.770000000000000000e+02
1.770000000000000000e+02
1.770000000000000000e+02
1.730000000000000000e+02
1.730000000000000000e+02
1.830000000000000000e+02
1.780000000000000000e+02
1.780000000000000000e+02
1.880000000000000000e+02
1.880000000000000000e+02
1.830000000000000000e+02
1.930000000000000000e+02
1.930000000000000000e+02
1.870000000000000000e+02
1.870000000000000000e+02
1.870000000000000000e+02
1.870000000000000000e+02
1.800000000000000000e+02
1.800000000000000000e+02
1.900000000000000000e+02
1.830000000000000000e+02
1.830000000000000000e+02
1.930000000000000000e+02
1.930000000000000000e+02
1.850000000000000000e+02
1.850000000000000000e+02
1.850000000000000000e+02
1.950000000000000000e+02
1.870000000000000000e+02
1.870000000000000000e+02
1.970000000000000000e+02
1.890000000000000000e+02
1.890000000000000000e+02
1.890000000000000000e+02
1.810000000000000000e+02
1.810000000000000000e+02
1.910000000000000000e+02
1.820000000000000000e+02
1.920000000000000000e+02
1.920000000000000000e+02
1.840000000000000000e+02
1.840000000000000000e+02
1.940000000000000000e+02
1.940000000000000000e+02
1.860000000000000000e+02
1.860000000000000000e+02
1.860000000000000000e+02
1.770000000000000000e+02
1.770000000000000000e+02
1.870000000000000000e+02
1.790000000000000000e+02
1.790000000000000000e+02
1.790000000000000000e+02
1.710000000000000000e+02
1.710000000000000000e+02
1.710000000000000000e+02
1.820000000000000000e+02
1.820000000000000000e+02
2.020000000000000000e+02
2.020000000000000000e+02
1.940000000000000000e+02
1.940000000000000000e+02
1.940000000000000000e+02
2.040000000000000000e+02
2.060000000000000000e+02
2.060000000000000000e+02
2.060000000000000000e+02
1.980000000000000000e+02
1.980000000000000000e+02
1.980000000000000000e+02
1.990000000000000000e+02
1.990000000000000000e+02
1.990000000000000000e+02
1.990000000000000000e+02
1.910000000000000000e+02
2.010000000000000000e+02
2.010000000000000000e+02
1.930000000000000000e+02
1.930000000000000000e+02
2.030000000000000000e+02
1.940000000000000000e+02
1.940000000000000000e+02
1.940000000000000000e+02
1.940000000000000000e+02
1.860000000000000000e+02
1.860000000000000000e+02
1.960000000000000000e+02
1.960000000000000000e+02
1.880000000000000000e+02
1.880000000000000000e+02
1.880000000000000000e+02
1.980000000000000000e+02
1.900000000000000000e+02
2.000000000000000000e+02
2.000000000000000000e+02
2.000000000000000000e+02
1.910000000000000000e+02
1.910000000000000000e+02
1.910000000000000000e+02
2.010000000000000000e+02
1.930000000000000000e+02
2.030000000000000000e+02
1.950000000000000000e+02
1.860000000000000000e+02
1.960000000000000000e+02
1.960000000000000000e+02
1.960000000000000000e+02
1.880000000000000000e+02
1.980000000000000000e+02
1.980000000000000000e+02
1.900000000000000000e+02
1.900000000000000000e+02
1.900000000000000000e+02
1.900000000000000000e+02
1.910000000000000000e+02
1.910000000000000000e+02
1.910000000000000000e+02
1.910000000000000000e+02
1.930000000000000000e+02
1.930000000000000000e+02
1.930000000000000000e+02
1.930000000000000000e+02
1.850000000000000000e+02
1.850000000000000000e+02
1.850000000000000000e+02
1.850000000000000000e+02
1.770000000000000000e+02
1.870000000000000000e+02
1.870000000000000000e+02
1.870000000000000000e+02
1.880000000000000000e+02
1.880000000000000000e+02
1.980000000000000000e+02
1.900000000000000000e+02
2.000000000000000000e+02
2.000000000000000000e+02
2.000000000000000000e+02
1.920000000000000000e+02
1.920000000000000000e+02
2.020000000000000000e+02
2.020000000000000000e+02
1.930000000000000000e+02
2.030000000000000000e+02
2.030000000000000000e+02
2.030000000000000000e+02
1.950000000000000000e+02
1.950000000000000000e+02
1.950000000000000000e+02
1.970000000000000000e+02
1.970000000000000000e+02
1.970000000000000000e+02
1.970000000000000000e+02
1.880000000000000000e+02
1.880000000000000000e+02
1.980000000000000000e+02
1.900000000000000000e+02
2.000000000000000000e+02
2.100000000000000000e+02
2.100000000000000000e+02
2.020000000000000000e+02
2.020000000000000000e+02
2.020000000000000000e+02
2.020000000000000000e+02
1.940000000000000000e+02
1.940000000000000000e+02
2.040000000000000000e+02
2.040000000000000000e+02
1.950000000000000000e+02
1.950000000000000000e+02
1.950000000000000000e+02
1.950000000000000000e+02
1.970000000000000000e+02
1.970000000000000000e+02
1.970000000000000000e+02
1.970000000000000000e+02
1.990000000000000000e+02
1.990000000000000000e+02
1.990000000000000000e+02
1.900000000000000000e+02
1.900000000000000000e+02
2.000000000000000000e+02
1.920000000000000000e+02
1.920000000000000000e+02
1.920000000000000000e+02
2.020000000000000000e+02
1.940000000000000000e+02
1.940000000000000000e+02
1.940000000000000000e+02
2.040000000000000000e+02
1.950000000000000000e+02
1.950000000000000000e+02
1.870000000000000000e+02
1.870000000000000000e+02
1.870000000000000000e+02
1.890000000000000000e+02
1.890000000000000000e+02
1.890000000000000000e+02
1.890000000000000000e+02
1.910000000000000000e+02
1.910000000000000000e+02
1.910000000000000000e+02
1.910000000000000000e+02
1.820000000000000000e+02
1.920000000000000000e+02
1.920000000000000000e+02
1.840000000000000000e+02
1.840000000000000000e+02
1.840000000000000000e+02
1.840000000000000000e+02
1.860000000000000000e+02
1.860000000000000000e+02
1.860000000000000000e+02
1.770000000000000000e+02
1.770000000000000000e+02
1.770000000000000000e+02
1.770000000000000000e+02
1.690000000000000000e+02
1.790000000000000000e+02
1.790000000000000000e+02
1.710000000000000000e+02
1.710000000000000000e+02
1.810000000000000000e+02
1.810000000000000000e+02
1.720000000000000000e+02
1.820000000000000000e+02
1.820000000000000000e+02
1.840000000000000000e+02
1.840000000000000000e+02
1.840000000000000000e+02
1.840000000000000000e+02
1.860000000000000000e+02
1.860000000000000000e+02
1.860000000000000000e+02
1.880000000000000000e+02
1.790000000000000000e+02
1.790000000000000000e+02
1.790000000000000000e+02
1.890000000000000000e+02
1.810000000000000000e+02
1.810000000000000000e+02
1.730000000000000000e+02
1.640000000000000000e+02
1.740000000000000000e+02
1.740000000000000000e+02
1.740000000000000000e+02
1.660000000000000000e+02
1.660000000000000000e+02
1.660000000000000000e+02
1.580000000000000000e+02
1.580000000000000000e+02
1.680000000000000000e+02
1.590000000000000000e+02
1.590000000000000000e+02
1.590000000000000000e+02
1.590000000000000000e+02
1.510000000000000000e+02
1.510000000000000000e+02
1.510000000000000000e+02
1.510000000000000000e+02
1.530000000000000000e+02
0.000000000000000000e+00
