1.000000000000000000e+01
1.000000000000000000e+01
1.000000000000000000e+01
1.000000000000000000e+01
2.000000000000000000e+01
2.000000000000000000e+01
2.000000000000000000e+01
2.000000000000000000e+01
3.000000000000000000e+01
3.000000000000000000e+01
4.000000000000000000e+01
4.000000000000000000e+01
4.000000000000000000e+01
4.000000000000000000e+01
5.000000000000000000e+01
5.000000000000000000e+01
5.000000000000000000e+01
5.000000000000000000e+01
5.000000000000000000e+01
5.000000000000000000e+01
5.000000000000000000e+01
6.000000000000000000e+01
6.000000000000000000e+01
6.000000000000000000e+01
7.000000000000000000e+01
7.000000000000000000e+01
7.000000000000000000e+01
7.000000000000000000e+01
8.000000000000000000e+01
8.000000000000000000e+01
8.000000000000000000e+01
8.000000000000000000e+01
9.000000000000000000e+01
9.000000000000000000e+01
9.000000000000000000e+01
9.000000000000000000e+01
1.100000000000000000e+02
1.100000000000000000e+02
1.200000000000000000e+02
1.200000000000000000e+02
1.200000000000000000e+02
1.300000000000000000e+02
1.400000000000000000e+02
1.400000000000000000e+02
1.400000000000000000e+02
1.500000000000000000e+02
1.500000000000000000e+02
1.500000000000000000e+02
1.600000000000000000e+02
1.590000000000000000e+02
1.580000000000000000e+02
1.580000000000000000e+02
1.670000000000000000e+02
1.870000000000000000e+02
1.870000000000000000e+02
1.870000000000000000e+02
1.870000000000000000e+02
1.870000000000000000e+02
1.870000000000000000e+02
1.870000000000000000e+02
1.860000000000000000e+02
1.960000000000000000e+02
2.060000000000000000e+02
2.060000000000000000e+02
2.060000000000000000e+02
2.060000000000000000e+02
2.050000000000000000e+02
2.050000000000000000e+02
2.050000000000000000e+02
2.150000000000000000e+02
2.140000000000000000e+02
2.140000000000000000e+02
2.140000000000000000e+02
2.130000000000000000e+02
2.230000000000000000e+02
2.230000000000000000e+02
2.230000000000000000e+02
2.220000000000000000e+02
2.200000000000000000e+02
2.200000000000000000e+02
2.300000000000000000e+02
2.300000000000000000e+02
2.280000000000000000e+02
2.280000000000000000e+02
2.380000000000000000e+02
2.460000000000000000e+02
2.460000000000000000e+02
2.460000000000000000e+02
2.530000000000000000e+02
2.530000000000000000e+02
2.530000000000000000e+02
2.530000000000000000e+02
2.600000000000000000e+02
2.700000000000000000e+02
2.700000000000000000e+02
2.660000000000000000e+02
2.760000000000000000e+02
2.710000000000000000e+02
2.710000000000000000e+02
2.750000000000000000e+02
2.850000000000000000e+02
2.850000000000000000e+02
2.780000000000000000e+02
2.980000000000000000e+02
2.900000000000000000e+02
2.900000000000000000e+02
2.900000000000000000e+02
3.010000000000000000e+02
3.010000000000000000e+02
3.010000000000000000e+02
3.010000000000000000e+02
2.910000000000000000e+02
2.910000000000000000e+02
2.910000000000000000e+02
3.010000000000000000e+02
2.910000000000000000e+02
2.910000000000000000e+02
2.910000000000000000e+02
2.790000000000000000e+02
2.790000000000000000e+02
2.890000000000000000e+02
2.870000000000000000e+02
2.870000000000000000e+02
2.870000000000000000e+02
2.870000000000000000e+02
2.730000000000000000e+02
2.730000000000000000e+02
2.730000000000000000e+02
2.830000000000000000e+02
2.690000000000000000e+02
2.690000000000000000e+02
2.790000000000000000e+02
2.790000000000000000e+02
2.640000000000000000e+02
2.640000000000000000e+02
2.740000000000000000e+02
2.780000000000000000e+02
2.780000000000000000e+02
2.780000000000000000e+02
2.780000000000000000e+02
2.710000000000000000e+02
2.810000000000000000e+02
2.810000000000000000e+02
2.630000000000000000e+02
2.630000000000000000e+02
2.730000000000000000e+02
2.730000000000000000e+02
2.150000000000000000e+02
2.250000000000000000e+02
2.250000000000000000e+02
2.050000000000000000e+02
2.050000000000000000e+02
2.050000000000000000e+02
1.830000000000000000e+02
1.930000000000000000e+02
1.720000000000000000e+02
1.720000000000000000e+02
1.720000000000000000e+02
1.490000000000000000e+02
1.490000000000000000e+02
1.590000000000000000e+02
1.350000000000000000e+02
1.350000000000000000e+02
1.350000000000000000e+02
1.110000000000000000e+02
1.310000000000000000e+02
1.310000000000000000e+02
1.310000000000000000e+02
1.060000000000000000e+02
1.160000000000000000e+02
1.160000000000000000e+02
1.160000000000000000e+02
1.010000000000000000e+02
1.010000000000000000e+02
1.010000000000000000e+02
8.600000000000000000e+01
8.600000000000000000e+01
8.600000000000000000e+01
8.600000000000000000e+01
7.300000000000000000e+01
7.300000000000000000e+01
7.300000000000000000e+01
5.100000000000000000e+01
6.100000000000000000e+01
6.100000000000000000e+01
6.100000000000000000e+01
4.000000000000000000e+01
4.000000000000000000e+01
4.000000000000000000e+01
1.900000000000000000e+01
2.900000000000000000e+01
2.900000000000000000e+01
3.900000000000000000e+01
2.000000000000000000e+01
2.000000000000000000e+01
2.000000000000000000e+01
2.000000000000000000e+01
2.000000000000000000e+00
1.200000000000000000e+01
1.200000000000000000e+01
-5.000000000000000000e+00
-5.000000000000000000e+00
5.000000000000000000e+00
5.000000000000000000e+00
-1.100000000000000000e+01
-1.100000000000000000e+01
-1.100000000000000000e+01
-1.000000000000000000e+00
-1.600000000000000000e+01
-1.600000000000000000e+01
-1.600000000000000000e+01
-1.600000000000000000e+01
-3.000000000000000000e+01
-2.000000000000000000e+01
-2.000000000000000000e+01
-2.000000000000000000e+01
-3.300000000000000000e+01
-3.300000000000000000e+01
-2.300000000000000000e+01
-2.300000000000000000e+01
-3.500000000000000000e+01
-3.500000000000000000e+01
-3.500000000000000000e+01
-3.500000000000000000e+01
-4.700000000000000000e+01
-4.700000000000000000e+01
-3.700000000000000000e+01
-4.700000000000000000e+01
-4.700000000000000000e+01
-4.700000000000000000e+01
-4.700000000000000000e+01
-5.700000000000000000e+01
-5.700000000000000000e+01
-4.700000000000000000e+01
-2.700000000000000000e+01
-3.600000000000000000e+01
-3.600000000000000000e+01
-4.400000000000000000e+01
-4.400000000000000000e+01
-4.400000000000000000e+01
-5.100000000000000000e+01
-4.800000000000000000e+01
-5.500000000000000000e+01
-5.500000000000000000e+01
-5.500000000000000000e+01
-4.500000000000000000e+01
-5.100000000000000000e+01
-4.100000000000000000e+01
-3.100000000000000000e+01
-3.100000000000000000e+01
-3.700000000000000000e+01
-1.700000000000000000e+01
-1.700000000000000000e+01
-1.700000000000000000e+01
-2.200000000000000000e+01
-2.200000000000000000e+01
-1.700000000000000000e+01
-1.700000000000000000e+01
-1.700000000000000000e+01
-2.100000000000000000e+01
-2.100000000000000000e+01
-1.400000000000000000e+01
-1.400000000000000000e+01
-4.000000000000000000e+00
-7.000000000000000000e+00
-7.000000000000000000e+00
-7.000000000000000000e+00
-7.000000000000000000e+00
-1.000000000000000000e+01
0.000000000000000000e+00
-2.000000000000000000e+00
-2.000000000000000000e+00
-2.000000000000000000e+00
-5.000000000000000000e+00
5.000000000000000000e+00
1.500000000000000000e+01
2.500000000000000000e+01
2.100000000000000000e+01
2.100000000000000000e+01
2.100000000000000000e+01
2.100000000000000000e+01
2.700000000000000000e+01
2.700000000000000000e+01
2.700000000000000000e+01
2.700000000000000000e+01
2.300000000000000000e+01
2.300000000000000000e+01
2.300000000000000000e+01
2.900000000000000000e+01
2.900000000000000000e+01
3.900000000000000000e+01
3.400000000000000000e+01
3.400000000000000000e+01
2.900000000000000000e+01
2.900000000000000000e+01
2.900000000000000000e+01
2.400000000000000000e+01
3.400000000000000000e+01
3.400000000000000000e+01
5.800000000000000000e+01
5.800000000000000000e+01
5.800000000000000000e+01
5.800000000000000000e+01
5.300000000000000000e+01
5.300000000000000000e+01
5.300000000000000000e+01
6.300000000000000000e+01
5.600000000000000000e+01
5.600000000000000000e+01
5.600000000000000000e+01
5.000000000000000000e+01
6.000000000000000000e+01
6.000000000000000000e+01
6.000000000000000000e+01
6.300000000000000000e+01
6.300000000000000000e+01
7.600000000000000000e+01
7.600000000000000000e+01
7.600000000000000000e+01
7.600000000000000000e+01
6.900000000000000000e+01
7.900000000000000000e+01
7.900000000000000000e+01
7.200000000000000000e+01
8.200000000000000000e+01
7.400000000000000000e+01
7.400000000000000000e+01
7.400000000000000000e+01
7.400000000000000000e+01
6.600000000000000000e+01
6.600000000000000000e+01
7.600000000000000000e+01
7.600000000000000000e+01
6.800000000000000000e+01
6.800000000000000000e+01
6.800000000000000000e+01
6.800000000000000000e+01
6.900000000000000000e+01
6.900000000000000000e+01
6.000000000000000000e+01
6.000000000000000000e+01
6.100000000000000000e+01
6.100000000000000000e+01
6.100000000000000000e+01
5.200000000000000000e+01
6.200000000000000000e+01
6.200000000000000000e+01
6.200000000000000000e+01
7.200000000000000000e+01
7.200000000000000000e+01
6.300000000000000000e+01
6.300000000000000000e+01
6.300000000000000000e+01
6.300000000000000000e+01
6.400000000000000000e+01
6.400000000000000000e+01
5.500000000000000000e+01
5.500000000000000000e+01
5.500000000000000000e+01
4.500000000000000000e+01
4.500000000000000000e+01
4.600000000000000000e+01
5.600000000000000000e+01
5.600000000000000000e+01
4.600000000000000000e+01
5.600000000000000000e+01
7.600000000000000000e+01
6.500000000000000000e+01
6.500000000000000000e+01
6.500000000000000000e+01
6.500000000000000000e+01
6.500000000000000000e+01
6.500000000000000000e+01
6.500000000000000000e+01
5.500000000000000000e+01
5.500000000000000000e+01
5.500000000000000000e+01
6.500000000000000000e+01
5.600000000000000000e+01
5.600000000000000000e+01
4.800000000000000000e+01
4.800000000000000000e+01
4.800000000000000000e+01
5.000000000000000000e+01
6.000000000000000000e+01
7.000000000000000000e+01
6.200000000000000000e+01
6.200000000000000000e+01
6.200000000000000000e+01
6.200000000000000000e+01
6.300000000000000000e+01
6.300000000000000000e+01
6.300000000000000000e+01
5.400000000000000000e+01
6.400000000000000000e+01
6.400000000000000000e+01
6.400000000000000000e+01
6.500000000000000000e+01
6.500000000000000000e+01
6.500000000000000000e+01
6.500000000000000000e+01
5.700000000000000000e+01
5.700000000000000000e+01
5.700000000000000000e+01
6.700000000000000000e+01
5.900000000000000000e+01
5.900000000000000000e+01
5.900000000000000000e+01
5.900000000000000000e+01
5.100000000000000000e+01
5.100000000000000000e+01
6.100000000000000000e+01
5.300000000000000000e+01
5.300000000000000000e+01
5.300000000000000000e+01
5.300000000000000000e+01
5.400000000000000000e+01
5.400000000000000000e+01
5.400000000000000000e+01
5.400000000000000000e+01
5.500000000000000000e+01
6.500000000000000000e+01
7.500000000000000000e+01
7.500000000000000000e+01
6.600000000000000000e+01
6.600000000000000000e+01
6.600000000000000000e+01
6.700000000000000000e+01
6.700000000000000000e+01
6.700000000000000000e+01
6.900000000000000000e+01
6.900000000000000000e+01
6.000000000000000000e+01
6.000000000000000000e+01
8.000000000000000000e+01
8.100000000000000000e+01
8.100000000000000000e+01
7.300000000000000000e+01
7.300000000000000000e+01
8.300000000000000000e+01
7.300000000000000000e+01
7.300000000000000000e+01
7.300000000000000000e+01
7.300000000000000000e+01
6.300000000000000000e+01
7.300000000000000000e+01
7.300000000000000000e+01
7.300000000000000000e+01
7.300000000000000000e+01
7.300000000000000000e+01
6.300000000000000000e+01
6.300000000000000000e+01
6.300000000000000000e+01
7.300000000000000000e+01
6.400000000000000000e+01
7.400000000000000000e+01
8.400000000000000000e+01
7.500000000000000000e+01
7.500000000000000000e+01
7.500000000000000000e+01
8.500000000000000000e+01
7.700000000000000000e+01
8.700000000000000000e+01
8.700000000000000000e+01
7.800000000000000000e+01
7.800000000000000000e+01
7.800000000000000000e+01
7.800000000000000000e+01
7.800000000000000000e+01
7.800000000000000000e+01
7.800000000000000000e+01
6.900000000000000000e+01
7.900000000000000000e+01
7.900000000000000000e+01
6.900000000000000000e+01
6.900000000000000000e+01
7.900000000000000000e+01
8.000000000000000000e+01
8.000000000000000000e+01
9.000000000000000000e+01
9.000000000000000000e+01
8.100000000000000000e+01
9.100000000000000000e+01
9.100000000000000000e+01
8.200000000000000000e+01
8.200000000000000000e+01
8.200000000000000000e+01
8.300000000000000000e+01
7.400000000000000000e+01
7.400000000000000000e+01
6.400000000000000000e+01
7.400000000000000000e+01
7.400000000000000000e+01
6.500000000000000000e+01
6.500000000000000000e+01
6.500000000000000000e+01
5.500000000000000000e+01
6.500000000000000000e+01
6.500000000000000000e+01
5.500000000000000000e+01
5.500000000000000000e+01
4.600000000000000000e+01
4.600000000000000000e+01
4.600000000000000000e+01
4.600000000000000000e+01
4.600000000000000000e+01
4.600000000000000000e+01
5.600000000000000000e+01
5.600000000000000000e+01
5.600000000000000000e+01
5.600000000000000000e+01
5.600000000000000000e+01
5.600000000000000000e+01
6.600000000000000000e+01
5.600000000000000000e+01
5.600000000000000000e+01
5.600000000000000000e+01
5.600000000000000000e+01
5.600000000000000000e+01
5.600000000000000000e+01
5.600000000000000000e+01
4.800000000000000000e+01
4.800000000000000000e+01
4.800000000000000000e+01
3.900000000000000000e+01
4.900000000000000000e+01
4.900000000000000000e+01
4.900000000000000000e+01
5.200000000000000000e+01
5.200000000000000000e+01
5.400000000000000000e+01
5.400000000000000000e+01
4.600000000000000000e+01
5.600000000000000000e+01
5.600000000000000000e+01
5.600000000000000000e+01
5.800000000000000000e+01
5.800000000000000000e+01
5.800000000000000000e+01
4.900000000000000000e+01
4.900000000000000000e+01
5.900000000000000000e+01
5.900000000000000000e+01
5.100000000000000000e+01
6.100000000000000000e+01
6.100000000000000000e+01
5.300000000000000000e+01
5.300000000000000000e+01
5.300000000000000000e+01
5.300000000000000000e+01
4.400000000000000000e+01
4.400000000000000000e+01
4.600000000000000000e+01
4.600000000000000000e+01
4.600000000000000000e+01
3.800000000000000000e+01
3.800000000000000000e+01
4.800000000000000000e+01
5.800000000000000000e+01
6.100000000000000000e+01
6.100000000000000000e+01
5.300000000000000000e+01
6.300000000000000000e+01
6.300000000000000000e+01
6.500000000000000000e+01
6.500000000000000000e+01
6.500000000000000000e+01
6.700000000000000000e+01
6.700000000000000000e+01
5.900000000000000000e+01
5.900000000000000000e+01
5.900000000000000000e+01
5.000000000000000000e+01
6.000000000000000000e+01
6.000000000000000000e+01
5.100000000000000000e+01
5.100000000000000000e+01
5.100000000000000000e+01
5.100000000000000000e+01
5.100000000000000000e+01
5.100000000000000000e+01
4.200000000000000000e+01
4.200000000000000000e+01
5.200000000000000000e+01
5.200000000000000000e+01
5.300000000000000000e+01
5.300000000000000000e+01
6.300000000000000000e+01
5.300000000000000000e+01
6.300000000000000000e+01
5.500000000000000000e+01
5.500000000000000000e+01
6.500000000000000000e+01
6.500000000000000000e+01
5.600000000000000000e+01
5.600000000000000000e+01
5.600000000000000000e+01
4.800000000000000000e+01
4.800000000000000000e+01
5.800000000000000000e+01
5.000000000000000000e+01
5.000000000000000000e+01
4.200000000000000000e+01
5.200000000000000000e+01
5.200000000000000000e+01
4.400000000000000000e+01
4.400000000000000000e+01
4.400000000000000000e+01
4.600000000000000000e+01
4.600000000000000000e+01
4.600000000000000000e+01
4.600000000000000000e+01
3.700000000000000000e+01
5.700000000000000000e+01
5.700000000000000000e+01
5.700000000000000000e+01
5.000000000000000000e+01
5.000000000000000000e+01
6.000000000000000000e+01
6.100000000000000000e+01
6.100000000000000000e+01
5.200000000000000000e+01
5.200000000000000000e+01
5.200000000000000000e+01
6.200000000000000000e+01
5.400000000000000000e+01
5.400000000000000000e+01
5.400000000000000000e+01
5.400000000000000000e+01
4.600000000000000000e+01
5.600000000000000000e+01
5.600000000000000000e+01
4.800000000000000000e+01
4.100000000000000000e+01
4.100000000000000000e+01
5.100000000000000000e+01
6.300000000000000000e+01
6.300000000000000000e+01
5.400000000000000000e+01
6.400000000000000000e+01
6.400000000000000000e+01
6.400000000000000000e+01
5.600000000000000000e+01
6.600000000000000000e+01
6.600000000000000000e+01
6.600000000000000000e+01
5.800000000000000000e+01
5.800000000000000000e+01
5.800000000000000000e+01
5.800000000000000000e+01
5.900000000000000000e+01
5.900000000000000000e+01
6.100000000000000000e+01
6.100000000000000000e+01
5.100000000000000000e+01
5.100000000000000000e+01
5.100000000000000000e+01
5.100000000000000000e+01
4.100000000000000000e+01
5.100000000000000000e+01
6.100000000000000000e+01
7.100000000000000000e+01
6.000000000000000000e+01
6.000000000000000000e+01
6.000000000000000000e+01
5.000000000000000000e+01
6.000000000000000000e+01
6.000000000000000000e+01
6.000000000000000000e+01
6.000000000000000000e+01
6.000000000000000000e+01
6.000000000000000000e+01
5.100000000000000000e+01
6.100000000000000000e+01
5.200000000000000000e+01
5.200000000000000000e+01
5.200000000000000000e+01
5.400000000000000000e+01
5.400000000000000000e+01
5.400000000000000000e+01
4.600000000000000000e+01
4.600000000000000000e+01
5.600000000000000000e+01
6.800000000000000000e+01
6.800000000000000000e+01
5.900000000000000000e+01
5.000000000000000000e+01
5.000000000000000000e+01
6.000000000000000000e+01
6.100000000000000000e+01
6.100000000000000000e+01
5.100000000000000000e+01
5.100000000000000000e+01
6.100000000000000000e+01
5.200000000000000000e+01
5.200000000000000000e+01
6.400000000000000000e+01
6.400000000000000000e+01
6.400000000000000000e+01
6.400000000000000000e+01
7.600000000000000000e+01
7.600000000000000000e+01
7.600000000000000000e+01
7.600000000000000000e+01
6.700000000000000000e+01
6.700000000000000000e+01
7.700000000000000000e+01
7.700000000000000000e+01
6.800000000000000000e+01
6.800000000000000000e+01
6.000000000000000000e+01
6.000000000000000000e+01
7.000000000000000000e+01
6.200000000000000000e+01
6.200000000000000000e+01
7.200000000000000000e+01
6.400000000000000000e+01
6.400000000000000000e+01
6.400000000000000000e+01
5.600000000000000000e+01
5.600000000000000000e+01
6.600000000000000000e+01
6.600000000000000000e+01
5.800000000000000000e+01
5.800000000000000000e+01
6.800000000000000000e+01
7.900000000000000000e+01
7.900000000000000000e+01
8.000000000000000000e+01
8.000000000000000000e+01
9.000000000000000000e+01
9.000000000000000000e+01
8.000000000000000000e+01
8.000000000000000000e+01
8.000000000000000000e+01
7.000000000000000000e+01
8.000000000000000000e+01
8.000000000000000000e+01
7.100000000000000000e+01
7.100000000000000000e+01
7.100000000000000000e+01
6.200000000000000000e+01
6.200000000000000000e+01
5.300000000000000000e+01
6.300000000000000000e+01
6.300000000000000000e+01
5.400000000000000000e+01
5.400000000000000000e+01
7.400000000000000000e+01
6.500000000000000000e+01
6.500000000000000000e+01
6.500000000000000000e+01
5.500000000000000000e+01
6.500000000000000000e+01
6.500000000000000000e+01
5.500000000000000000e+01
5.500000000000000000e+01
5.500000000000000000e+01
5.400000000000000000e+01
5.400000000000000000e+01
5.200000000000000000e+01
4.100000000000000000e+01
4.100000000000000000e+01
5.100000000000000000e+01
4.100000000000000000e+01
4.100000000000000000e+01
6.100000000000000000e+01
6.100000000000000000e+01
5.100000000000000000e+01
6.100000000000000000e+01
5.200000000000000000e+01
5.200000000000000000e+01
5.200000000000000000e+01
5.200000000000000000e+01
5.400000000000000000e+01
4.500000000000000000e+01
4.500000000000000000e+01
4.600000000000000000e+01
4.600000000000000000e+01
4.600000000000000000e+01
3.800000000000000000e+01
3.800000000000000000e+01
3.800000000000000000e+01
3.800000000000000000e+01
4.000000000000000000e+01
4.000000000000000000e+01
4.000000000000000000e+01
4.000000000000000000e+01
3.200000000000000000e+01
3.200000000000000000e+01
4.200000000000000000e+01
3.500000000000000000e+01
3.500000000000000000e+01
3.500000000000000000e+01
3.500000000000000000e+01
3.800000000000000000e+01
4.800000000000000000e+01
4.800000000000000000e+01
4.800000000000000000e+01
5.000000000000000000e+01
5.000000000000000000e+01
5.000000000000000000e+01
4.200000000000000000e+01
5.200000000000000000e+01
5.200000000000000000e+01
4.400000000000000000e+01
4.400000000000000000e+01
5.400000000000000000e+01
6.400000000000000000e+01
5.600000000000000000e+01
5.600000000000000000e+01
5.600000000000000000e+01
5.800000000000000000e+01
6.800000000000000000e+01
6.100000000000000000e+01
6.400000000000000000e+01
6.400000000000000000e+01
6.400000000000000000e+01
6.400000000000000000e+01
6.700000000000000000e+01
6.700000000000000000e+01
6.700000000000000000e+01
5.900000000000000000e+01
5.900000000000000000e+01
6.900000000000000000e+01
6.100000000000000000e+01
6.100000000000000000e+01
6.100000000000000000e+01
6.300000000000000000e+01
6.300000000000000000e+01
6.300000000000000000e+01
5.400000000000000000e+01
6.400000000000000000e+01
6.400000000000000000e+01
5.500000000000000000e+01
5.500000000000000000e+01
4.600000000000000000e+01
6.600000000000000000e+01
6.600000000000000000e+01
5.800000000000000000e+01
5.800000000000000000e+01
7.800000000000000000e+01
6.900000000000000000e+01
6.900000000000000000e+01
6.000000000000000000e+01
6.000000000000000000e+01
7.000000000000000000e+01
7.000000000000000000e+01
6.100000000000000000e+01
6.100000000000000000e+01
7.100000000000000000e+01
6.200000000000000000e+01
6.200000000000000000e+01
6.200000000000000000e+01
6.300000000000000000e+01
6.300000000000000000e+01
6.300000000000000000e+01
5.600000000000000000e+01
5.800000000000000000e+01
5.800000000000000000e+01
5.800000000000000000e+01
6.000000000000000000e+01
6.000000000000000000e+01
6.000000000000000000e+01
8.000000000000000000e+01
7.100000000000000000e+01
7.100000000000000000e+01
7.100000000000000000e+01
7.100000000000000000e+01
6.300000000000000000e+01
6.300000000000000000e+01
7.300000000000000000e+01
6.400000000000000000e+01
6.400000000000000000e+01
6.400000000000000000e+01
5.500000000000000000e+01
6.500000000000000000e+01
5.600000000000000000e+01
5.600000000000000000e+01
5.600000000000000000e+01
6.600000000000000000e+01
5.700000000000000000e+01
5.700000000000000000e+01
6.700000000000000000e+01
6.700000000000000000e+01
6.700000000000000000e+01
6.700000000000000000e+01
6.700000000000000000e+01
6.700000000000000000e+01
5.800000000000000000e+01
5.800000000000000000e+01
6.800000000000000000e+01
6.800000000000000000e+01
5.900000000000000000e+01
5.900000000000000000e+01
5.900000000000000000e+01
6.000000000000000000e+01
6.000000000000000000e+01
5.100000000000000000e+01
4.200000000000000000e+01
4.200000000000000000e+01
4.400000000000000000e+01
4.400000000000000000e+01
4.400000000000000000e+01
4.400000000000000000e+01
6.400000000000000000e+01
6.400000000000000000e+01
5.500000000000000000e+01
5.500000000000000000e+01
5.500000000000000000e+01
5.700000000000000000e+01
5.800000000000000000e+01
5.800000000000000000e+01
5.000000000000000000e+01
6.000000000000000000e+01
5.200000000000000000e+01
5.200000000000000000e+01
4.400000000000000000e+01
4.400000000000000000e+01
5.400000000000000000e+01
5.400000000000000000e+01
4.600000000000000000e+01
4.600000000000000000e+01
3.600000000000000000e+01
5.600000000000000000e+01
5.600000000000000000e+01
6.600000000000000000e+01
5.700000000000000000e+01
6.700000000000000000e+01
6.700000000000000000e+01
7.700000000000000000e+01
6.800000000000000000e+01
6.800000000000000000e+01
6.800000000000000000e+01
6.000000000000000000e+01
6.000000000000000000e+01
6.000000000000000000e+01
6.000000000000000000e+01
6.100000000000000000e+01
6.100000000000000000e+01
6.100000000000000000e+01
6.100000000000000000e+01
6.400000000000000000e+01
6.400000000000000000e+01
5.600000000000000000e+01
6.600000000000000000e+01
6.600000000000000000e+01
6.600000000000000000e+01
7.800000000000000000e+01
7.800000000000000000e+01
6.900000000000000000e+01
7.900000000000000000e+01
7.000000000000000000e+01
7.000000000000000000e+01
7.200000000000000000e+01
7.200000000000000000e+01
7.200000000000000000e+01
7.300000000000000000e+01
7.300000000000000000e+01
7.300000000000000000e+01
8.300000000000000000e+01
7.400000000000000000e+01
7.400000000000000000e+01
7.400000000000000000e+01
7.500000000000000000e+01
7.500000000000000000e+01
6.600000000000000000e+01
6.600000000000000000e+01
6.600000000000000000e+01
7.600000000000000000e+01
6.600000000000000000e+01
6.600000000000000000e+01
7.600000000000000000e+01
7.700000000000000000e+01
7.700000000000000000e+01
8.700000000000000000e+01
7.800000000000000000e+01
7.800000000000000000e+01
8.800000000000000000e+01
8.800000000000000000e+01
7.900000000000000000e+01
7.900000000000000000e+01
7.900000000000000000e+01
8.900000000000000000e+01
7.900000000000000000e+01
7.000000000000000000e+01
7.000000000000000000e+01
7.000000000000000000e+01
7.100000000000000000e+01
7.100000000000000000e+01
7.100000000000000000e+01
6.200000000000000000e+01
6.200000000000000000e+01
7.200000000000000000e+01
6.200000000000000000e+01
7.200000000000000000e+01
7.200000000000000000e+01
7.200000000000000000e+01
7.200000000000000000e+01
7.200000000000000000e+01
8.200000000000000000e+01
8.200000000000000000e+01
7.200000000000000000e+01
7.200000000000000000e+01
7.300000000000000000e+01
8.300000000000000000e+01
8.300000000000000000e+01
7.300000000000000000e+01
7.300000000000000000e+01
7.300000000000000000e+01
8.300000000000000000e+01
7.400000000000000000e+01
7.400000000000000000e+01
6.500000000000000000e+01
7.500000000000000000e+01
7.500000000000000000e+01
6.500000000000000000e+01
6.500000000000000000e+01
5.600000000000000000e+01
6.600000000000000000e+01
6.600000000000000000e+01
5.700000000000000000e+01
5.700000000000000000e+01
5.700000000000000000e+01
4.700000000000000000e+01
4.700000000000000000e+01
5.700000000000000000e+01
5.700000000000000000e+01
5.700000000000000000e+01
6.700000000000000000e+01
5.700000000000000000e+01
5.700000000000000000e+01
5.700000000000000000e+01
6.700000000000000000e+01
5.800000000000000000e+01
6.800000000000000000e+01
6.800000000000000000e+01
6.800000000000000000e+01
5.900000000000000000e+01
5.900000000000000000e+01
6.900000000000000000e+01
6.000000000000000000e+01
6.000000000000000000e+01
6.100000000000000000e+01
6.100000000000000000e+01
5.200000000000000000e+01
6.200000000000000000e+01
7.200000000000000000e+01
7.200000000000000000e+01
6.400000000000000000e+01
6.400000000000000000e+01
7.400000000000000000e+01
7.600000000000000000e+01
7.600000000000000000e+01
7.600000000000000000e+01
6.700000000000000000e+01
6.700000000000000000e+01
6.700000000000000000e+01
6.800000000000000000e+01
6.800000000000000000e+01
6.800000000000000000e+01
5.800000000000000000e+01
6.800000000000000000e+01
6.800000000000000000e+01
5.900000000000000000e+01
5.900000000000000000e+01
5.100000000000000000e+01
7.100000000000000000e+01
9.100000000000000000e+01
8.200000000000000000e+01
8.200000000000000000e+01
8.200000000000000000e+01
7.300000000000000000e+01
7.300000000000000000e+01
7.300000000000000000e+01
7.300000000000000000e+01
6.300000000000000000e+01
7.300000000000000000e+01
7.400000000000000000e+01
7.400000000000000000e+01
6.400000000000000000e+01
6.400000000000000000e+01
6.400000000000000000e+01
6.400000000000000000e+01
5.400000000000000000e+01
6.400000000000000000e+01
6.400000000000000000e+01
6.400000000000000000e+01
5.600000000000000000e+01
6.600000000000000000e+01
6.600000000000000000e+01
5.700000000000000000e+01
5.700000000000000000e+01
5.700000000000000000e+01
4.700000000000000000e+01
4.700000000000000000e+01
6.700000000000000000e+01
6.700000000000000000e+01
6.700000000000000000e+01
6.700000000000000000e+01
5.700000000000000000e+01
7.700000000000000000e+01
7.700000000000000000e+01
6.700000000000000000e+01
6.700000000000000000e+01
6.800000000000000000e+01
6.800000000000000000e+01
7.800000000000000000e+01
6.800000000000000000e+01
6.800000000000000000e+01
5.800000000000000000e+01
5.800000000000000000e+01
5.800000000000000000e+01
6.000000000000000000e+01
6.000000000000000000e+01
6.000000000000000000e+01
5.200000000000000000e+01
6.200000000000000000e+01
6.200000000000000000e+01
5.400000000000000000e+01
5.400000000000000000e+01
5.400000000000000000e+01
5.600000000000000000e+01
6.600000000000000000e+01
7.600000000000000000e+01
7.800000000000000000e+01
8.800000000000000000e+01
8.000000000000000000e+01
8.000000000000000000e+01
7.100000000000000000e+01
8.100000000000000000e+01
8.100000000000000000e+01
8.100000000000000000e+01
7.300000000000000000e+01
7.300000000000000000e+01
7.300000000000000000e+01
8.300000000000000000e+01
7.300000000000000000e+01
7.300000000000000000e+01
7.300000000000000000e+01
7.300000000000000000e+01
6.400000000000000000e+01
6.400000000000000000e+01
7.400000000000000000e+01
6.600000000000000000e+01
6.600000000000000000e+01
6.600000000000000000e+01
5.800000000000000000e+01
5.900000000000000000e+01
5.900000000000000000e+01
5.100000000000000000e+01
5.100000000000000000e+01
5.100000000000000000e+01
5.100000000000000000e+01
4.100000000000000000e+01
5.100000000000000000e+01
5.100000000000000000e+01
6.100000000000000000e+01
5.100000000000000000e+01
5.100000000000000000e+01
5.200000000000000000e+01
5.200000000000000000e+01
4.200000000000000000e+01
4.200000000000000000e+01
4.200000000000000000e+01
4.200000000000000000e+01
3.300000000000000000e+01
4.300000000000000000e+01
4.300000000000000000e+01
3.400000000000000000e+01
2.500000000000000000e+01
3.500000000000000000e+01
4.500000000000000000e+01
4.700000000000000000e+01
4.700000000000000000e+01
4.700000000000000000e+01
3.900000000000000000e+01
4.900000000000000000e+01
5.900000000000000000e+01
5.900000000000000000e+01
5.000000000000000000e+01
5.000000000000000000e+01
5.100000000000000000e+01
5.100000000000000000e+01
5.100000000000000000e+01
5.100000000000000000e+01
4.300000000000000000e+01
4.300000000000000000e+01
4.300000000000000000e+01
4.500000000000000000e+01
4.500000000000000000e+01
4.500000000000000000e+01
3.700000000000000000e+01
3.700000000000000000e+01
3.700000000000000000e+01
4.000000000000000000e+01
4.000000000000000000e+01
4.000000000000000000e+01
3.200000000000000000e+01
4.200000000000000000e+01
4.200000000000000000e+01
0.000000000000000000e+00
