1.700000000000000000e+01
1.700000000000000000e+01
2.700000000000000000e+01
2.700000000000000000e+01
2.700000000000000000e+01
2.700000000000000000e+01
2.700000000000000000e+01
2.700000000000000000e+01
2.700000000000000000e+01
2.700000000000000000e+01
2.700000000000000000e+01
3.700000000000000000e+01
3.700000000000000000e+01
3.700000000000000000e+01
3.700000000000000000e+01
3.700000000000000000e+01
4.700000000000000000e+01
4.700000000000000000e+01
4.700000000000000000e+01
4.700000000000000000e+01
4.700000000000000000e+01
4.700000000000000000e+01
4.700000000000000000e+01
4.700000000000000000e+01
4.700000000000000000e+01
4.700000000000000000e+01
4.700000000000000000e+01
4.700000000000000000e+01
4.700000000000000000e+01
5.700000000000000000e+01
5.700000000000000000e+01
5.700000000000000000e+01
7.700000000000000000e+01
7.700000000000000000e+01
7.700000000000000000e+01
7.700000000000000000e+01
7.700000000000000000e+01
7.700000000000000000e+01
7.700000000000000000e+01
7.700000000000000000e+01
8.700000000000000000e+01
8.700000000000000000e+01
8.700000000000000000e+01
8.700000000000000000e+01
8.700000000000000000e+01
8.700000000000000000e+01
9.700000000000000000e+01
9.700000000000000000e+01
1.070000000000000000e+02
1.070000000000000000e+02
1.070000000000000000e+02
1.070000000000000000e+02
1.070000000000000000e+02
1.070000000000000000e+02
1.070000000000000000e+02
1.070000000000000000e+02
1.070000000000000000e+02
1.070000000000000000e+02
1.070000000000000000e+02
1.070000000000000000e+02
1.070000000000000000e+02
1.070000000000000000e+02
1.070000000000000000e+02
1.070000000000000000e+02
1.070000000000000000e+02
1.070000000000000000e+02
1.070000000000000000e+02
1.170000000000000000e+02
1.270000000000000000e+02
1.270000000000000000e+02
1.270000000000000000e+02
1.270000000000000000e+02
1.270000000000000000e+02
1.270000000000000000e+02
1.270000000000000000e+02
1.270000000000000000e+02
1.270000000000000000e+02
1.270000000000000000e+02
1.370000000000000000e+02
1.370000000000000000e+02
1.370000000000000000e+02
1.370000000000000000e+02
1.370000000000000000e+02
1.370000000000000000e+02
1.370000000000000000e+02
1.470000000000000000e+02
1.470000000000000000e+02
1.570000000000000000e+02
1.570000000000000000e+02
1.670000000000000000e+02
1.670000000000000000e+02
1.670000000000000000e+02
1.660000000000000000e+02
1.660000000000000000e+02
1.660000000000000000e+02
1.660000000000000000e+02
1.660000000000000000e+02
1.660000000000000000e+02
1.760000000000000000e+02
1.860000000000000000e+02
1.850000000000000000e+02
1.850000000000000000e+02
1.850000000000000000e+02
1.850000000000000000e+02
1.840000000000000000e+02
1.840000000000000000e+02
1.840000000000000000e+02
1.840000000000000000e+02
1.830000000000000000e+02
1.830000000000000000e+02
1.930000000000000000e+02
1.930000000000000000e+02
1.910000000000000000e+02
1.900000000000000000e+02
2.000000000000000000e+02
2.000000000000000000e+02
1.990000000000000000e+02
1.990000000000000000e+02
1.990000000000000000e+02
1.990000000000000000e+02
1.980000000000000000e+02
1.980000000000000000e+02
1.980000000000000000e+02
1.980000000000000000e+02
1.970000000000000000e+02
1.970000000000000000e+02
1.970000000000000000e+02
2.070000000000000000e+02
2.040000000000000000e+02
2.140000000000000000e+02
2.110000000000000000e+02
2.110000000000000000e+02
2.110000000000000000e+02
2.110000000000000000e+02
2.070000000000000000e+02
2.070000000000000000e+02
2.170000000000000000e+02
2.270000000000000000e+02
2.240000000000000000e+02
2.240000000000000000e+02
2.240000000000000000e+02
2.200000000000000000e+02
2.200000000000000000e+02
2.200000000000000000e+02
2.200000000000000000e+02
2.150000000000000000e+02
2.150000000000000000e+02
2.250000000000000000e+02
2.190000000000000000e+02
2.190000000000000000e+02
2.190000000000000000e+02
2.120000000000000000e+02
2.220000000000000000e+02
2.220000000000000000e+02
2.140000000000000000e+02
2.240000000000000000e+02
2.140000000000000000e+02
2.140000000000000000e+02
2.140000000000000000e+02
2.140000000000000000e+02
2.040000000000000000e+02
2.040000000000000000e+02
2.040000000000000000e+02
2.140000000000000000e+02
2.020000000000000000e+02
2.120000000000000000e+02
2.120000000000000000e+02
2.120000000000000000e+02
2.000000000000000000e+02
2.000000000000000000e+02
2.000000000000000000e+02
2.000000000000000000e+02
1.860000000000000000e+02
1.860000000000000000e+02
1.860000000000000000e+02
1.960000000000000000e+02
1.820000000000000000e+02
1.820000000000000000e+02
1.820000000000000000e+02
1.670000000000000000e+02
1.670000000000000000e+02
1.670000000000000000e+02
1.510000000000000000e+02
1.510000000000000000e+02
1.510000000000000000e+02
1.610000000000000000e+02
1.450000000000000000e+02
1.450000000000000000e+02
1.450000000000000000e+02
1.450000000000000000e+02
1.280000000000000000e+02
1.280000000000000000e+02
1.280000000000000000e+02
1.380000000000000000e+02
1.200000000000000000e+02
1.300000000000000000e+02
1.300000000000000000e+02
1.110000000000000000e+02
1.110000000000000000e+02
9.200000000000000000e+01
9.200000000000000000e+01
1.120000000000000000e+02
1.120000000000000000e+02
9.400000000000000000e+01
9.400000000000000000e+01
9.400000000000000000e+01
9.400000000000000000e+01
7.500000000000000000e+01
7.500000000000000000e+01
7.500000000000000000e+01
7.500000000000000000e+01
5.700000000000000000e+01
5.700000000000000000e+01
6.700000000000000000e+01
5.000000000000000000e+01
6.000000000000000000e+01
6.000000000000000000e+01
4.400000000000000000e+01
4.400000000000000000e+01
4.400000000000000000e+01
4.400000000000000000e+01
2.900000000000000000e+01
2.900000000000000000e+01
2.900000000000000000e+01
2.900000000000000000e+01
1.500000000000000000e+01
1.500000000000000000e+01
1.500000000000000000e+01
1.500000000000000000e+01
3.000000000000000000e+00
3.000000000000000000e+00
3.000000000000000000e+00
1.300000000000000000e+01
1.000000000000000000e+00
1.100000000000000000e+01
1.100000000000000000e+01
1.000000000000000000e+00
1.000000000000000000e+00
1.000000000000000000e+00
1.000000000000000000e+00
2.000000000000000000e+00
1.200000000000000000e+01
1.200000000000000000e+01
1.300000000000000000e+01
1.300000000000000000e+01
1.300000000000000000e+01
1.300000000000000000e+01
4.000000000000000000e+00
4.000000000000000000e+00
4.000000000000000000e+00
4.000000000000000000e+00
-4.000000000000000000e+00
-4.000000000000000000e+00
6.000000000000000000e+00
6.000000000000000000e+00
-3.000000000000000000e+00
-3.000000000000000000e+00
-3.000000000000000000e+00
-1.100000000000000000e+01
-1.100000000000000000e+01
-1.100000000000000000e+01
-1.100000000000000000e+01
-1.900000000000000000e+01
-1.900000000000000000e+01
-1.900000000000000000e+01
-1.900000000000000000e+01
-2.800000000000000000e+01
-2.800000000000000000e+01
-1.800000000000000000e+01
-1.800000000000000000e+01
-2.600000000000000000e+01
-2.600000000000000000e+01
-2.600000000000000000e+01
-1.600000000000000000e+01
-2.400000000000000000e+01
-4.000000000000000000e+00
-4.000000000000000000e+00
-1.200000000000000000e+01
-1.200000000000000000e+01
-1.200000000000000000e+01
-1.200000000000000000e+01
-1.800000000000000000e+01
-1.800000000000000000e+01
-1.800000000000000000e+01
2.000000000000000000e+00
-3.000000000000000000e+00
-3.000000000000000000e+00
-3.000000000000000000e+00
-3.000000000000000000e+00
-8.000000000000000000e+00
-8.000000000000000000e+00
-8.000000000000000000e+00
-1.400000000000000000e+01
-1.400000000000000000e+01
-1.400000000000000000e+01
-4.000000000000000000e+00
-1.000000000000000000e+01
-1.000000000000000000e+01
-1.000000000000000000e+01
-1.000000000000000000e+01
-1.700000000000000000e+01
-1.700000000000000000e+01
-1.700000000000000000e+01
-1.700000000000000000e+01
-2.200000000000000000e+01
-1.200000000000000000e+01
-1.200000000000000000e+01
-2.000000000000000000e+00
-7.000000000000000000e+00
-7.000000000000000000e+00
-7.000000000000000000e+00
-7.000000000000000000e+00
-1.200000000000000000e+01
-1.200000000000000000e+01
-1.200000000000000000e+01
-2.000000000000000000e+00
-6.000000000000000000e+00
-6.000000000000000000e+00
-6.000000000000000000e+00
-6.000000000000000000e+00
-1.000000000000000000e+01
-1.000000000000000000e+01
-1.000000000000000000e+01
-1.000000000000000000e+01
-1.500000000000000000e+01
-5.000000000000000000e+00
-5.000000000000000000e+00
-5.000000000000000000e+00
-9.000000000000000000e+00
-9.000000000000000000e+00
-9.000000000000000000e+00
1.000000000000000000e+00
-3.000000000000000000e+00
-3.000000000000000000e+00
-3.000000000000000000e+00
-3.000000000000000000e+00
-8.000000000000000000e+00
-8.000000000000000000e+00
-8.000000000000000000e+00
-8.000000000000000000e+00
-1.200000000000000000e+01
-1.200000000000000000e+01
-1.200000000000000000e+01
-1.200000000000000000e+01
-1.700000000000000000e+01
-1.700000000000000000e+01
-1.700000000000000000e+01
-7.000000000000000000e+00
-1.200000000000000000e+01
-1.200000000000000000e+01
-1.200000000000000000e+01
-1.200000000000000000e+01
-1.600000000000000000e+01
-1.600000000000000000e+01
-6.000000000000000000e+00
1.000000000000000000e+01
1.000000000000000000e+01
1.000000000000000000e+01
5.000000000000000000e+00
5.000000000000000000e+00
5.000000000000000000e+00
0.000000000000000000e+00
0.000000000000000000e+00
0.000000000000000000e+00
0.000000000000000000e+00
-4.000000000000000000e+00
-4.000000000000000000e+00
-4.000000000000000000e+00
-9.000000000000000000e+00
-9.000000000000000000e+00
1.000000000000000000e+00
1.000000000000000000e+00
-3.000000000000000000e+00
-3.000000000000000000e+00
-3.000000000000000000e+00
-3.000000000000000000e+00
-7.000000000000000000e+00
-7.000000000000000000e+00
-7.000000000000000000e+00
-1.300000000000000000e+01
-3.000000000000000000e+00
7.000000000000000000e+00
7.000000000000000000e+00
1.000000000000000000e+00
1.000000000000000000e+00
1.000000000000000000e+00
1.000000000000000000e+00
-4.000000000000000000e+00
-4.000000000000000000e+00
-4.000000000000000000e+00
6.000000000000000000e+00
1.000000000000000000e+00
1.100000000000000000e+01
1.100000000000000000e+01
6.000000000000000000e+00
6.000000000000000000e+00
1.000000000000000000e+00
1.000000000000000000e+00
1.000000000000000000e+00
-5.000000000000000000e+00
5.000000000000000000e+00
5.000000000000000000e+00
1.900000000000000000e+01
1.900000000000000000e+01
1.400000000000000000e+01
1.400000000000000000e+01
1.400000000000000000e+01
8.000000000000000000e+00
2.800000000000000000e+01
2.800000000000000000e+01
2.800000000000000000e+01
2.300000000000000000e+01
2.300000000000000000e+01
2.300000000000000000e+01
2.300000000000000000e+01
1.700000000000000000e+01
1.700000000000000000e+01
1.700000000000000000e+01
2.700000000000000000e+01
2.200000000000000000e+01
2.200000000000000000e+01
2.200000000000000000e+01
1.600000000000000000e+01
1.100000000000000000e+01
1.100000000000000000e+01
1.100000000000000000e+01
2.100000000000000000e+01
1.500000000000000000e+01
1.500000000000000000e+01
1.500000000000000000e+01
1.500000000000000000e+01
1.000000000000000000e+01
2.000000000000000000e+01
1.400000000000000000e+01
1.400000000000000000e+01
2.400000000000000000e+01
1.800000000000000000e+01
1.800000000000000000e+01
1.200000000000000000e+01
1.200000000000000000e+01
5.000000000000000000e+00
5.000000000000000000e+00
5.000000000000000000e+00
5.000000000000000000e+00
9.000000000000000000e+00
9.000000000000000000e+00
1.900000000000000000e+01
1.300000000000000000e+01
1.300000000000000000e+01
1.300000000000000000e+01
1.300000000000000000e+01
6.000000000000000000e+00
6.000000000000000000e+00
6.000000000000000000e+00
1.600000000000000000e+01
9.000000000000000000e+00
1.900000000000000000e+01
1.100000000000000000e+01
1.100000000000000000e+01
1.100000000000000000e+01
1.100000000000000000e+01
4.000000000000000000e+00
4.000000000000000000e+00
2.400000000000000000e+01
1.700000000000000000e+01
1.700000000000000000e+01
1.700000000000000000e+01
1.700000000000000000e+01
1.100000000000000000e+01
1.100000000000000000e+01
1.100000000000000000e+01
1.100000000000000000e+01
5.000000000000000000e+00
1.500000000000000000e+01
1.500000000000000000e+01
2.000000000000000000e+01
2.000000000000000000e+01
2.000000000000000000e+01
1.400000000000000000e+01
1.400000000000000000e+01
1.400000000000000000e+01
8.000000000000000000e+00
1.800000000000000000e+01
1.800000000000000000e+01
1.800000000000000000e+01
1.300000000000000000e+01
1.300000000000000000e+01
1.300000000000000000e+01
1.300000000000000000e+01
7.000000000000000000e+00
7.000000000000000000e+00
7.000000000000000000e+00
2.000000000000000000e+00
2.000000000000000000e+00
1.200000000000000000e+01
1.200000000000000000e+01
6.000000000000000000e+00
6.000000000000000000e+00
6.000000000000000000e+00
0.000000000000000000e+00
0.000000000000000000e+00
0.000000000000000000e+00
0.000000000000000000e+00
-6.000000000000000000e+00
4.000000000000000000e+00
4.000000000000000000e+00
4.000000000000000000e+00
-2.000000000000000000e+00
-2.000000000000000000e+00
-2.000000000000000000e+00
-2.000000000000000000e+00
-8.000000000000000000e+00
-8.000000000000000000e+00
-8.000000000000000000e+00
-8.000000000000000000e+00
-1.300000000000000000e+01
7.000000000000000000e+00
1.700000000000000000e+01
1.700000000000000000e+01
1.100000000000000000e+01
1.100000000000000000e+01
1.100000000000000000e+01
6.000000000000000000e+00
1.600000000000000000e+01
1.600000000000000000e+01
1.600000000000000000e+01
2.100000000000000000e+01
2.100000000000000000e+01
1.600000000000000000e+01
1.600000000000000000e+01
1.600000000000000000e+01
1.600000000000000000e+01
1.200000000000000000e+01
1.200000000000000000e+01
1.200000000000000000e+01
2.800000000000000000e+01
2.800000000000000000e+01
2.200000000000000000e+01
2.200000000000000000e+01
1.700000000000000000e+01
1.700000000000000000e+01
1.700000000000000000e+01
1.700000000000000000e+01
1.100000000000000000e+01
1.100000000000000000e+01
1.100000000000000000e+01
1.500000000000000000e+01
1.500000000000000000e+01
1.500000000000000000e+01
8.000000000000000000e+00
8.000000000000000000e+00
8.000000000000000000e+00
1.800000000000000000e+01
1.000000000000000000e+01
1.000000000000000000e+01
1.000000000000000000e+01
4.000000000000000000e+00
4.000000000000000000e+00
4.000000000000000000e+00
-2.000000000000000000e+00
-2.000000000000000000e+00
1.800000000000000000e+01
1.200000000000000000e+01
1.200000000000000000e+01
1.200000000000000000e+01
5.000000000000000000e+00
5.000000000000000000e+00
5.000000000000000000e+00
5.000000000000000000e+00
-2.000000000000000000e+00
-2.000000000000000000e+00
1.800000000000000000e+01
1.800000000000000000e+01
1.100000000000000000e+01
1.100000000000000000e+01
1.100000000000000000e+01
1.100000000000000000e+01
5.000000000000000000e+00
5.000000000000000000e+00
5.000000000000000000e+00
5.000000000000000000e+00
1.000000000000000000e+01
1.000000000000000000e+01
2.000000000000000000e+01
1.500000000000000000e+01
1.500000000000000000e+01
1.500000000000000000e+01
1.500000000000000000e+01
9.000000000000000000e+00
9.000000000000000000e+00
9.000000000000000000e+00
2.900000000000000000e+01
2.300000000000000000e+01
2.300000000000000000e+01
1.600000000000000000e+01
1.600000000000000000e+01
1.600000000000000000e+01
1.000000000000000000e+01
1.000000000000000000e+01
1.000000000000000000e+01
3.000000000000000000e+01
2.400000000000000000e+01
2.400000000000000000e+01
1.900000000000000000e+01
1.900000000000000000e+01
1.900000000000000000e+01
1.300000000000000000e+01
1.300000000000000000e+01
1.300000000000000000e+01
1.300000000000000000e+01
7.000000000000000000e+00
7.000000000000000000e+00
7.000000000000000000e+00
7.000000000000000000e+00
1.000000000000000000e+00
1.000000000000000000e+00
1.100000000000000000e+01
6.000000000000000000e+00
2.600000000000000000e+01
2.600000000000000000e+01
2.000000000000000000e+01
2.000000000000000000e+01
2.000000000000000000e+01
2.000000000000000000e+01
1.400000000000000000e+01
1.400000000000000000e+01
1.400000000000000000e+01
8.000000000000000000e+00
8.000000000000000000e+00
8.000000000000000000e+00
8.000000000000000000e+00
1.000000000000000000e+00
1.000000000000000000e+00
1.000000000000000000e+00
1.000000000000000000e+00
-4.000000000000000000e+00
6.000000000000000000e+00
6.000000000000000000e+00
0.000000000000000000e+00
0.000000000000000000e+00
0.000000000000000000e+00
0.000000000000000000e+00
-5.000000000000000000e+00
-5.000000000000000000e+00
-5.000000000000000000e+00
-5.000000000000000000e+00
-1.100000000000000000e+01
9.000000000000000000e+00
9.000000000000000000e+00
9.000000000000000000e+00
4.000000000000000000e+00
4.000000000000000000e+00
4.000000000000000000e+00
2.400000000000000000e+01
1.800000000000000000e+01
1.800000000000000000e+01
1.800000000000000000e+01
1.300000000000000000e+01
1.300000000000000000e+01
1.300000000000000000e+01
1.300000000000000000e+01
8.000000000000000000e+00
8.000000000000000000e+00
8.000000000000000000e+00
8.000000000000000000e+00
4.000000000000000000e+00
4.000000000000000000e+00
4.000000000000000000e+00
1.400000000000000000e+01
9.000000000000000000e+00
9.000000000000000000e+00
9.000000000000000000e+00
2.900000000000000000e+01
2.400000000000000000e+01
2.400000000000000000e+01
2.400000000000000000e+01
1.900000000000000000e+01
1.900000000000000000e+01
1.900000000000000000e+01
1.300000000000000000e+01
2.300000000000000000e+01
2.300000000000000000e+01
2.300000000000000000e+01
1.800000000000000000e+01
2.800000000000000000e+01
2.800000000000000000e+01
2.800000000000000000e+01
2.100000000000000000e+01
2.100000000000000000e+01
2.100000000000000000e+01
1.500000000000000000e+01
2.500000000000000000e+01
2.500000000000000000e+01
1.800000000000000000e+01
1.800000000000000000e+01
1.800000000000000000e+01
1.800000000000000000e+01
1.200000000000000000e+01
1.200000000000000000e+01
1.200000000000000000e+01
1.200000000000000000e+01
7.000000000000000000e+00
7.000000000000000000e+00
1.700000000000000000e+01
1.100000000000000000e+01
1.100000000000000000e+01
1.100000000000000000e+01
1.100000000000000000e+01
5.000000000000000000e+00
5.000000000000000000e+00
5.000000000000000000e+00
1.500000000000000000e+01
1.800000000000000000e+01
1.800000000000000000e+01
1.400000000000000000e+01
1.400000000000000000e+01
1.400000000000000000e+01
2.400000000000000000e+01
1.600000000000000000e+01
1.600000000000000000e+01
1.600000000000000000e+01
1.600000000000000000e+01
9.000000000000000000e+00
9.000000000000000000e+00
3.000000000000000000e+00
3.000000000000000000e+00
1.300000000000000000e+01
1.300000000000000000e+01
8.000000000000000000e+00
8.000000000000000000e+00
8.000000000000000000e+00
1.800000000000000000e+01
1.100000000000000000e+01
1.100000000000000000e+01
1.100000000000000000e+01
1.100000000000000000e+01
4.000000000000000000e+00
4.000000000000000000e+00
4.000000000000000000e+00
-3.000000000000000000e+00
-3.000000000000000000e+00
-3.000000000000000000e+00
-3.000000000000000000e+00
-9.000000000000000000e+00
-9.000000000000000000e+00
1.000000000000000000e+00
-6.000000000000000000e+00
-6.000000000000000000e+00
4.000000000000000000e+00
1.400000000000000000e+01
7.000000000000000000e+00
7.000000000000000000e+00
7.000000000000000000e+00
1.000000000000000000e+00
1.000000000000000000e+00
1.000000000000000000e+00
5.000000000000000000e+00
5.000000000000000000e+00
0.000000000000000000e+00
1.000000000000000000e+01
1.000000000000000000e+01
1.000000000000000000e+01
4.000000000000000000e+00
4.000000000000000000e+00
4.000000000000000000e+00
4.000000000000000000e+00
-1.000000000000000000e+00
-1.000000000000000000e+00
-8.000000000000000000e+00
-8.000000000000000000e+00
-8.000000000000000000e+00
-1.500000000000000000e+01
-1.500000000000000000e+01
-1.500000000000000000e+01
5.000000000000000000e+00
-3.000000000000000000e+00
-3.000000000000000000e+00
-3.000000000000000000e+00
-3.000000000000000000e+00
-1.000000000000000000e+01
-1.000000000000000000e+01
-1.000000000000000000e+01
-1.000000000000000000e+01
-1.600000000000000000e+01
-1.600000000000000000e+01
-1.600000000000000000e+01
4.000000000000000000e+00
-2.000000000000000000e+00
-2.000000000000000000e+00
-2.000000000000000000e+00
-8.000000000000000000e+00
-8.000000000000000000e+00
-8.000000000000000000e+00
-1.300000000000000000e+01
-1.300000000000000000e+01
-3.000000000000000000e+00
-3.000000000000000000e+00
-8.000000000000000000e+00
-8.000000000000000000e+00
-8.000000000000000000e+00
-1.200000000000000000e+01
-1.200000000000000000e+01
-1.200000000000000000e+01
-1.600000000000000000e+01
4.000000000000000000e+00
4.000000000000000000e+00
0.000000000000000000e+00
0.000000000000000000e+00
0.000000000000000000e+00
-4.000000000000000000e+00
-4.000000000000000000e+00
6.000000000000000000e+00
6.000000000000000000e+00
1.000000000000000000e+00
2.100000000000000000e+01
2.100000000000000000e+01
1.700000000000000000e+01
1.700000000000000000e+01
1.300000000000000000e+01
1.300000000000000000e+01
1.300000000000000000e+01
2.300000000000000000e+01
1.900000000000000000e+01
1.900000000000000000e+01
1.900000000000000000e+01
2.900000000000000000e+01
2.400000000000000000e+01
2.400000000000000000e+01
2.400000000000000000e+01
1.900000000000000000e+01
1.900000000000000000e+01
1.900000000000000000e+01
2.900000000000000000e+01
2.400000000000000000e+01
2.400000000000000000e+01
1.900000000000000000e+01
1.900000000000000000e+01
1.900000000000000000e+01
1.400000000000000000e+01
1.400000000000000000e+01
2.400000000000000000e+01
1.800000000000000000e+01
1.800000000000000000e+01
1.800000000000000000e+01
1.800000000000000000e+01
1.100000000000000000e+01
1.100000000000000000e+01
2.100000000000000000e+01
2.100000000000000000e+01
2.500000000000000000e+01
2.500000000000000000e+01
2.500000000000000000e+01
1.800000000000000000e+01
1.800000000000000000e+01
1.800000000000000000e+01
1.200000000000000000e+01
1.200000000000000000e+01
2.200000000000000000e+01
1.500000000000000000e+01
2.500000000000000000e+01
2.500000000000000000e+01
1.900000000000000000e+01
1.900000000000000000e+01
1.900000000000000000e+01
1.200000000000000000e+01
1.200000000000000000e+01
1.200000000000000000e+01
1.200000000000000000e+01
4.000000000000000000e+00
4.000000000000000000e+00
-3.000000000000000000e+00
7.000000000000000000e+00
7.000000000000000000e+00
1.000000000000000000e+00
2.100000000000000000e+01
1.400000000000000000e+01
1.400000000000000000e+01
1.400000000000000000e+01
7.000000000000000000e+00
7.000000000000000000e+00
1.700000000000000000e+01
1.800000000000000000e+01
1.800000000000000000e+01
1.000000000000000000e+01
1.000000000000000000e+01
3.000000000000000000e+00
3.000000000000000000e+00
3.000000000000000000e+00
1.700000000000000000e+01
1.700000000000000000e+01
1.200000000000000000e+01
1.200000000000000000e+01
1.200000000000000000e+01
7.000000000000000000e+00
7.000000000000000000e+00
7.000000000000000000e+00
7.000000000000000000e+00
1.200000000000000000e+01
1.200000000000000000e+01
1.600000000000000000e+01
1.600000000000000000e+01
1.600000000000000000e+01
1.600000000000000000e+01
1.000000000000000000e+01
1.000000000000000000e+01
2.000000000000000000e+01
1.500000000000000000e+01
8.000000000000000000e+00
8.000000000000000000e+00
8.000000000000000000e+00
1.000000000000000000e+00
1.000000000000000000e+00
1.000000000000000000e+00
1.000000000000000000e+00
1.500000000000000000e+01
1.500000000000000000e+01
9.000000000000000000e+00
9.000000000000000000e+00
9.000000000000000000e+00
4.000000000000000000e+00
4.000000000000000000e+00
4.000000000000000000e+00
4.000000000000000000e+00
1.800000000000000000e+01
1.800000000000000000e+01
1.800000000000000000e+01
1.800000000000000000e+01
1.200000000000000000e+01
1.200000000000000000e+01
1.200000000000000000e+01
1.200000000000000000e+01
1.400000000000000000e+01
1.400000000000000000e+01
1.400000000000000000e+01
1.400000000000000000e+01
7.000000000000000000e+00
7.000000000000000000e+00
7.000000000000000000e+00
1.000000000000000000e+00
5.000000000000000000e+00
5.000000000000000000e+00
5.000000000000000000e+00
9.000000000000000000e+00
9.000000000000000000e+00
3.000000000000000000e+00
3.000000000000000000e+00
-5.000000000000000000e+00
-5.000000000000000000e+00
-5.000000000000000000e+00
5.000000000000000000e+00
-2.000000000000000000e+00
-2.000000000000000000e+00
-2.000000000000000000e+00
-2.000000000000000000e+00
-9.000000000000000000e+00
-9.000000000000000000e+00
-9.000000000000000000e+00
-9.000000000000000000e+00
-5.000000000000000000e+00
-5.000000000000000000e+00
-5.000000000000000000e+00
-5.000000000000000000e+00
-1.000000000000000000e+00
-1.000000000000000000e+00
-1.000000000000000000e+00
-1.000000000000000000e+00
-8.000000000000000000e+00
-8.000000000000000000e+00
-8.000000000000000000e+00
-8.000000000000000000e+00
-1.500000000000000000e+01
-1.500000000000000000e+01
-1.500000000000000000e+01
-1.500000000000000000e+01
-1.100000000000000000e+01
-1.100000000000000000e+01
-1.100000000000000000e+01
-1.100000000000000000e+01
-1.800000000000000000e+01
-1.800000000000000000e+01
-1.800000000000000000e+01
-1.800000000000000000e+01
-2.600000000000000000e+01
-2.600000000000000000e+01
-2.600000000000000000e+01
-1.600000000000000000e+01
-2.300000000000000000e+01
-3.000000000000000000e+00
-3.000000000000000000e+00
-1.000000000000000000e+01
-1.000000000000000000e+01
-1.000000000000000000e+01
-1.700000000000000000e+01
-1.700000000000000000e+01
-7.000000000000000000e+00
-7.000000000000000000e+00
-1.200000000000000000e+01
-1.200000000000000000e+01
-1.200000000000000000e+01
-1.700000000000000000e+01
-1.700000000000000000e+01
-1.700000000000000000e+01
-2.000000000000000000e+01
-1.000000000000000000e+01
-1.000000000000000000e+01
-1.400000000000000000e+01
-1.400000000000000000e+01
-1.400000000000000000e+01
-1.400000000000000000e+01
-1.900000000000000000e+01
-9.000000000000000000e+00
-9.000000000000000000e+00
-1.400000000000000000e+01
-4.000000000000000000e+00
-4.000000000000000000e+00
-8.000000000000000000e+00
-8.000000000000000000e+00
-8.000000000000000000e+00
-8.000000000000000000e+00
-1.000000000000000000e+01
-3.000000000000000000e+00
-3.000000000000000000e+00
-7.000000000000000000e+00
-7.000000000000000000e+00
-7.000000000000000000e+00
-1.100000000000000000e+01
-1.100000000000000000e+01
-1.100000000000000000e+01
-5.000000000000000000e+00
-5.000000000000000000e+00
1.500000000000000000e+01
1.500000000000000000e+01
9.000000000000000000e+00
9.000000000000000000e+00
9.000000000000000000e+00
3.000000000000000000e+00
3.000000000000000000e+00
2.300000000000000000e+01
1.800000000000000000e+01
1.800000000000000000e+01
1.800000000000000000e+01
9.000000000000000000e+00
1.900000000000000000e+01
2.900000000000000000e+01
2.400000000000000000e+01
2.400000000000000000e+01
1.800000000000000000e+01
1.800000000000000000e+01
1.300000000000000000e+01
2.300000000000000000e+01
2.300000000000000000e+01
2.300000000000000000e+01
1.700000000000000000e+01
1.700000000000000000e+01
1.200000000000000000e+01
1.200000000000000000e+01
7.000000000000000000e+00
7.000000000000000000e+00
1.700000000000000000e+01
2.700000000000000000e+01
2.100000000000000000e+01
2.100000000000000000e+01
1.600000000000000000e+01
1.600000000000000000e+01
1.600000000000000000e+01
1.000000000000000000e+01
2.000000000000000000e+01
3.000000000000000000e+01
2.400000000000000000e+01
2.400000000000000000e+01
1.800000000000000000e+01
1.800000000000000000e+01
1.800000000000000000e+01
1.200000000000000000e+01
2.200000000000000000e+01
2.200000000000000000e+01
2.600000000000000000e+01
2.600000000000000000e+01
2.600000000000000000e+01
2.600000000000000000e+01
2.000000000000000000e+01
1.300000000000000000e+01
1.300000000000000000e+01
2.300000000000000000e+01
1.700000000000000000e+01
1.700000000000000000e+01
1.700000000000000000e+01
2.000000000000000000e+01
2.000000000000000000e+01
2.000000000000000000e+01
2.000000000000000000e+01
1.300000000000000000e+01
1.300000000000000000e+01
1.300000000000000000e+01
1.300000000000000000e+01
5.000000000000000000e+00
5.000000000000000000e+00
5.000000000000000000e+00
1.500000000000000000e+01
-1.000000000000000000e+00
-1.000000000000000000e+00
-1.000000000000000000e+00
-8.000000000000000000e+00
-8.000000000000000000e+00
-5.000000000000000000e+00
-5.000000000000000000e+00
-3.000000000000000000e+00
-3.000000000000000000e+00
-3.000000000000000000e+00
-1.000000000000000000e+01
-1.000000000000000000e+01
0.000000000000000000e+00
-7.000000000000000000e+00
-7.000000000000000000e+00
3.000000000000000000e+00
3.000000000000000000e+00
-2.000000000000000000e+00
-2.000000000000000000e+00
-2.000000000000000000e+00
-7.000000000000000000e+00
-7.000000000000000000e+00
-7.000000000000000000e+00
-1.200000000000000000e+01
-2.000000000000000000e+00
-2.000000000000000000e+00
-7.000000000000000000e+00
-7.000000000000000000e+00
-7.000000000000000000e+00
-1.200000000000000000e+01
-2.000000000000000000e+00
-2.000000000000000000e+00
-2.000000000000000000e+00
2.000000000000000000e+00
2.000000000000000000e+00
2.000000000000000000e+00
-4.000000000000000000e+00
-4.000000000000000000e+00
-1.100000000000000000e+01
-1.100000000000000000e+01
-1.000000000000000000e+00
-1.000000000000000000e+00
1.200000000000000000e+01
1.200000000000000000e+01
1.200000000000000000e+01
4.000000000000000000e+00
4.000000000000000000e+00
4.000000000000000000e+00
-4.000000000000000000e+00
6.000000000000000000e+00
6.000000000000000000e+00
-2.000000000000000000e+00
-2.000000000000000000e+00
-2.000000000000000000e+00
2.000000000000000000e+00
2.000000000000000000e+00
2.000000000000000000e+00
2.000000000000000000e+00
5.000000000000000000e+00
5.000000000000000000e+00
5.000000000000000000e+00
0.000000000000000000e+00
0.000000000000000000e+00
-5.000000000000000000e+00
-5.000000000000000000e+00
-5.000000000000000000e+00
5.000000000000000000e+00
-1.000000000000000000e+00
-1.000000000000000000e+00
-1.000000000000000000e+00
-8.000000000000000000e+00
-8.000000000000000000e+00
-1.500000000000000000e+01
-1.500000000000000000e+01
-5.000000000000000000e+00
-5.000000000000000000e+00
-1.200000000000000000e+01
-1.200000000000000000e+01
-1.200000000000000000e+01
-1.900000000000000000e+01
-1.900000000000000000e+01
-1.900000000000000000e+01
-1.900000000000000000e+01
-2.600000000000000000e+01
-6.000000000000000000e+00
-6.000000000000000000e+00
-6.000000000000000000e+00
-1.300000000000000000e+01
-1.300000000000000000e+01
-1.300000000000000000e+01
-1.900000000000000000e+01
-1.900000000000000000e+01
-1.900000000000000000e+01
-1.400000000000000000e+01
-1.400000000000000000e+01
-1.400000000000000000e+01
-1.800000000000000000e+01
-1.800000000000000000e+01
-2.300000000000000000e+01
-1.300000000000000000e+01
-1.300000000000000000e+01
-3.000000000000000000e+00
-7.000000000000000000e+00
-7.000000000000000000e+00
-1.200000000000000000e+01
-1.200000000000000000e+01
-1.200000000000000000e+01
-1.200000000000000000e+01
-1.500000000000000000e+01
-5.000000000000000000e+00
1.500000000000000000e+01
1.100000000000000000e+01
1.100000000000000000e+01
6.000000000000000000e+00
6.000000000000000000e+00
6.000000000000000000e+00
6.000000000000000000e+00
1.000000000000000000e+00
1.100000000000000000e+01
6.000000000000000000e+00
6.000000000000000000e+00
1.000000000000000000e+00
1.000000000000000000e+00
1.100000000000000000e+01
6.000000000000000000e+00
1.600000000000000000e+01
1.600000000000000000e+01
1.100000000000000000e+01
1.100000000000000000e+01
4.000000000000000000e+00
4.000000000000000000e+00
8.000000000000000000e+00
8.000000000000000000e+00
2.000000000000000000e+00
2.000000000000000000e+00
-4.000000000000000000e+00
6.000000000000000000e+00
6.000000000000000000e+00
1.600000000000000000e+01
1.100000000000000000e+01
6.000000000000000000e+00
6.000000000000000000e+00
1.600000000000000000e+01
1.000000000000000000e+01
2.000000000000000000e+01
1.500000000000000000e+01
1.500000000000000000e+01
1.000000000000000000e+01
1.000000000000000000e+01
1.000000000000000000e+01
5.000000000000000000e+00
1.500000000000000000e+01
9.000000000000000000e+00
9.000000000000000000e+00
1.900000000000000000e+01
1.400000000000000000e+01
8.000000000000000000e+00
8.000000000000000000e+00
2.000000000000000000e+00
2.000000000000000000e+00
-4.000000000000000000e+00
6.000000000000000000e+00
6.000000000000000000e+00
2.000000000000000000e+01
2.000000000000000000e+01
2.000000000000000000e+01
1.500000000000000000e+01
1.500000000000000000e+01
9.000000000000000000e+00
1.900000000000000000e+01
1.900000000000000000e+01
1.300000000000000000e+01
1.300000000000000000e+01
6.000000000000000000e+00
6.000000000000000000e+00
-1.000000000000000000e+00
-1.000000000000000000e+00
9.000000000000000000e+00
3.000000000000000000e+00
3.000000000000000000e+00
3.000000000000000000e+00
-3.000000000000000000e+00
7.000000000000000000e+00
7.000000000000000000e+00
1.000000000000000000e+00
1.000000000000000000e+00
1.000000000000000000e+00
-5.000000000000000000e+00
-5.000000000000000000e+00
5.000000000000000000e+00
0.000000000000000000e+00
1.000000000000000000e+01
1.000000000000000000e+01
4.000000000000000000e+00
4.000000000000000000e+00
4.000000000000000000e+00
-2.000000000000000000e+00
-2.000000000000000000e+00
-1.000000000000000000e+01
0.000000000000000000e+00
2.000000000000000000e+01
1.300000000000000000e+01
1.300000000000000000e+01
5.000000000000000000e+00
1.500000000000000000e+01
1.500000000000000000e+01
7.000000000000000000e+00
7.000000000000000000e+00
7.000000000000000000e+00
0.000000000000000000e+00
1.000000000000000000e+01
1.000000000000000000e+01
4.000000000000000000e+00
1.400000000000000000e+01
1.400000000000000000e+01
8.000000000000000000e+00
8.000000000000000000e+00
8.000000000000000000e+00
3.000000000000000000e+00
3.000000000000000000e+00
3.000000000000000000e+00
-3.000000000000000000e+00
7.000000000000000000e+00
7.000000000000000000e+00
2.000000000000000000e+00
2.000000000000000000e+00
2.000000000000000000e+00
-4.000000000000000000e+00
6.000000000000000000e+00
6.000000000000000000e+00
1.000000000000000000e+00
1.100000000000000000e+01
1.100000000000000000e+01
5.000000000000000000e+00
5.000000000000000000e+00
5.000000000000000000e+00
-2.000000000000000000e+00
-2.000000000000000000e+00
-2.000000000000000000e+00
-8.000000000000000000e+00
2.000000000000000000e+00
1.200000000000000000e+01
7.000000000000000000e+00
7.000000000000000000e+00
2.000000000000000000e+00
2.000000000000000000e+00
2.200000000000000000e+01
1.600000000000000000e+01
1.600000000000000000e+01
1.100000000000000000e+01
1.100000000000000000e+01
1.100000000000000000e+01
6.000000000000000000e+00
6.000000000000000000e+00
6.000000000000000000e+00
1.000000000000000000e+00
-8.000000000000000000e+00
2.000000000000000000e+00
2.000000000000000000e+00
2.000000000000000000e+00
-3.000000000000000000e+00
1.700000000000000000e+01
1.700000000000000000e+01
1.100000000000000000e+01
1.100000000000000000e+01
1.100000000000000000e+01
6.000000000000000000e+00
1.600000000000000000e+01
1.600000000000000000e+01
1.100000000000000000e+01
1.100000000000000000e+01
1.100000000000000000e+01
2.100000000000000000e+01
1.500000000000000000e+01
1.500000000000000000e+01
1.500000000000000000e+01
1.000000000000000000e+01
2.000000000000000000e+01
1.400000000000000000e+01
1.400000000000000000e+01
1.400000000000000000e+01
7.000000000000000000e+00
7.000000000000000000e+00
1.700000000000000000e+01
2.000000000000000000e+01
2.000000000000000000e+01
1.100000000000000000e+01
1.100000000000000000e+01
1.100000000000000000e+01
3.000000000000000000e+00
3.000000000000000000e+00
3.000000000000000000e+00
3.000000000000000000e+00
-5.000000000000000000e+00
-5.000000000000000000e+00
-5.000000000000000000e+00
-5.000000000000000000e+00
-1.300000000000000000e+01
-1.300000000000000000e+01
-1.300000000000000000e+01
-1.100000000000000000e+01
9.000000000000000000e+00
0.000000000000000000e+00
0.000000000000000000e+00
-8.000000000000000000e+00
-8.000000000000000000e+00
-8.000000000000000000e+00
-8.000000000000000000e+00
4.000000000000000000e+00
-4.000000000000000000e+00
-4.000000000000000000e+00
-4.000000000000000000e+00
-1.100000000000000000e+01
-1.100000000000000000e+01
-1.100000000000000000e+01
-8.000000000000000000e+00
-8.000000000000000000e+00
-8.000000000000000000e+00
-1.500000000000000000e+01
-1.500000000000000000e+01
-1.500000000000000000e+01
-2.300000000000000000e+01
-1.300000000000000000e+01
-1.300000000000000000e+01
-2.000000000000000000e+01
-2.000000000000000000e+01
-1.000000000000000000e+01
-1.000000000000000000e+01
-1.700000000000000000e+01
-1.700000000000000000e+01
-1.700000000000000000e+01
-1.700000000000000000e+01
-2.300000000000000000e+01
-2.900000000000000000e+01
-1.900000000000000000e+01
-9.000000000000000000e+00
-1.500000000000000000e+01
-1.500000000000000000e+01
-1.500000000000000000e+01
-2.000000000000000000e+01
-2.000000000000000000e+01
0.000000000000000000e+00
-5.000000000000000000e+00
-5.000000000000000000e+00
-5.000000000000000000e+00
-9.000000000000000000e+00
-9.000000000000000000e+00
-9.000000000000000000e+00
-1.400000000000000000e+01
-1.400000000000000000e+01
-1.400000000000000000e+01
-1.400000000000000000e+01
-1.900000000000000000e+01
-9.000000000000000000e+00
-9.000000000000000000e+00
-9.000000000000000000e+00
-1.200000000000000000e+01
-1.200000000000000000e+01
-1.200000000000000000e+01
-1.200000000000000000e+01
-1.500000000000000000e+01
-1.500000000000000000e+01
-1.500000000000000000e+01
-1.500000000000000000e+01
-1.900000000000000000e+01
1.000000000000000000e+00
6.000000000000000000e+00
6.000000000000000000e+00
1.000000000000000000e+00
1.100000000000000000e+01
5.000000000000000000e+00
5.000000000000000000e+00
5.000000000000000000e+00
0.000000000000000000e+00
0.000000000000000000e+00
0.000000000000000000e+00
-4.000000000000000000e+00
1.600000000000000000e+01
1.600000000000000000e+01
1.200000000000000000e+01
1.200000000000000000e+01
1.200000000000000000e+01
1.200000000000000000e+01
8.000000000000000000e+00
8.000000000000000000e+00
8.000000000000000000e+00
4.000000000000000000e+00
4.000000000000000000e+00
4.000000000000000000e+00
0.000000000000000000e+00
0.000000000000000000e+00
0.000000000000000000e+00
-5.000000000000000000e+00
5.000000000000000000e+00
5.000000000000000000e+00
0.000000000000000000e+00
0.000000000000000000e+00
0.000000000000000000e+00
-5.000000000000000000e+00
-5.000000000000000000e+00
-5.000000000000000000e+00
-1.000000000000000000e+01
0.000000000000000000e+00
2.000000000000000000e+01
1.500000000000000000e+01
1.500000000000000000e+01
1.500000000000000000e+01
9.000000000000000000e+00
9.000000000000000000e+00
1.900000000000000000e+01
1.400000000000000000e+01
2.400000000000000000e+01
2.400000000000000000e+01
1.900000000000000000e+01
1.900000000000000000e+01
1.900000000000000000e+01
1.900000000000000000e+01
1.400000000000000000e+01
1.400000000000000000e+01
2.400000000000000000e+01
2.000000000000000000e+01
2.000000000000000000e+01
1.400000000000000000e+01
1.400000000000000000e+01
1.400000000000000000e+01
1.400000000000000000e+01
8.000000000000000000e+00
8.000000000000000000e+00
8.000000000000000000e+00
2.800000000000000000e+01
2.200000000000000000e+01
2.200000000000000000e+01
1.600000000000000000e+01
1.600000000000000000e+01
1.600000000000000000e+01
9.000000000000000000e+00
9.000000000000000000e+00
9.000000000000000000e+00
9.000000000000000000e+00
2.200000000000000000e+01
2.200000000000000000e+01
1.500000000000000000e+01
1.500000000000000000e+01
9.000000000000000000e+00
9.000000000000000000e+00
9.000000000000000000e+00
3.000000000000000000e+00
1.300000000000000000e+01
1.300000000000000000e+01
8.000000000000000000e+00
8.000000000000000000e+00
8.000000000000000000e+00
2.000000000000000000e+00
1.200000000000000000e+01
1.200000000000000000e+01
5.000000000000000000e+00
5.000000000000000000e+00
-2.000000000000000000e+00
-2.000000000000000000e+00
-1.000000000000000000e+01
0.000000000000000000e+00
0.000000000000000000e+00
2.000000000000000000e+01
1.200000000000000000e+01
4.000000000000000000e+00
4.000000000000000000e+00
1.400000000000000000e+01
5.000000000000000000e+00
5.000000000000000000e+00
5.000000000000000000e+00
-3.000000000000000000e+00
-3.000000000000000000e+00
-1.000000000000000000e+01
0.000000000000000000e+00
0.000000000000000000e+00
0.000000000000000000e+00
2.000000000000000000e+00
2.000000000000000000e+00
2.000000000000000000e+00
-5.000000000000000000e+00
-5.000000000000000000e+00
-1.200000000000000000e+01
-2.000000000000000000e+00
-2.000000000000000000e+00
-2.000000000000000000e+00
0.000000000000000000e+00
0.000000000000000000e+00
0.000000000000000000e+00
-8.000000000000000000e+00
-8.000000000000000000e+00
-8.000000000000000000e+00
-1.700000000000000000e+01
-7.000000000000000000e+00
-1.400000000000000000e+01
-1.400000000000000000e+01
-2.100000000000000000e+01
-2.700000000000000000e+01
-2.700000000000000000e+01
-2.700000000000000000e+01
-3.400000000000000000e+01
-3.400000000000000000e+01
-4.100000000000000000e+01
-3.100000000000000000e+01
-3.100000000000000000e+01
-1.900000000000000000e+01
-1.900000000000000000e+01
-1.900000000000000000e+01
-2.600000000000000000e+01
-2.600000000000000000e+01
-2.600000000000000000e+01
-6.000000000000000000e+00
-1.200000000000000000e+01
-1.200000000000000000e+01
-1.200000000000000000e+01
-1.900000000000000000e+01
-1.900000000000000000e+01
-1.900000000000000000e+01
-2.500000000000000000e+01
-2.500000000000000000e+01
-1.500000000000000000e+01
-2.000000000000000000e+01
-2.000000000000000000e+01
-2.000000000000000000e+01
-1.500000000000000000e+01
-1.500000000000000000e+01
-1.500000000000000000e+01
-1.900000000000000000e+01
-1.900000000000000000e+01
-1.900000000000000000e+01
-3.000000000000000000e+00
-3.000000000000000000e+00
-7.000000000000000000e+00
-7.000000000000000000e+00
-1.100000000000000000e+01
-1.100000000000000000e+01
-1.100000000000000000e+01
-1.100000000000000000e+01
-1.400000000000000000e+01
-1.400000000000000000e+01
-1.800000000000000000e+01
-1.800000000000000000e+01
-1.800000000000000000e+01
-2.200000000000000000e+01
-1.200000000000000000e+01
-1.200000000000000000e+01
-2.000000000000000000e+00
-6.000000000000000000e+00
0.000000000000000000e+00
0.000000000000000000e+00
0.000000000000000000e+00
4.000000000000000000e+00
4.000000000000000000e+00
4.000000000000000000e+00
-1.000000000000000000e+00
-1.000000000000000000e+00
-6.000000000000000000e+00
4.000000000000000000e+00
1.400000000000000000e+01
1.400000000000000000e+01
1.000000000000000000e+01
1.000000000000000000e+01
6.000000000000000000e+00
6.000000000000000000e+00
6.000000000000000000e+00
2.000000000000000000e+00
1.200000000000000000e+01
1.200000000000000000e+01
7.000000000000000000e+00
7.000000000000000000e+00
1.000000000000000000e+00
1.000000000000000000e+00
-4.000000000000000000e+00
-4.000000000000000000e+00
-4.000000000000000000e+00
-8.000000000000000000e+00
-8.000000000000000000e+00
-3.000000000000000000e+00
7.000000000000000000e+00
1.700000000000000000e+01
1.200000000000000000e+01
1.200000000000000000e+01
6.000000000000000000e+00
1.100000000000000000e+01
2.100000000000000000e+01
2.100000000000000000e+01
2.100000000000000000e+01
1.600000000000000000e+01
1.600000000000000000e+01
1.600000000000000000e+01
1.100000000000000000e+01
1.600000000000000000e+01
1.600000000000000000e+01
1.600000000000000000e+01
2.000000000000000000e+01
2.000000000000000000e+01
1.400000000000000000e+01
1.400000000000000000e+01
8.000000000000000000e+00
8.000000000000000000e+00
3.000000000000000000e+00
3.000000000000000000e+00
3.000000000000000000e+00
-3.000000000000000000e+00
7.000000000000000000e+00
2.700000000000000000e+01
2.700000000000000000e+01
2.000000000000000000e+01
2.000000000000000000e+01
1.400000000000000000e+01
8.000000000000000000e+00
1.800000000000000000e+01
1.800000000000000000e+01
1.200000000000000000e+01
1.200000000000000000e+01
6.000000000000000000e+00
6.000000000000000000e+00
1.000000000000000000e+00
1.000000000000000000e+00
2.100000000000000000e+01
1.400000000000000000e+01
1.400000000000000000e+01
1.400000000000000000e+01
7.000000000000000000e+00
1.700000000000000000e+01
1.700000000000000000e+01
9.000000000000000000e+00
1.300000000000000000e+01
1.300000000000000000e+01
1.300000000000000000e+01
1.300000000000000000e+01
7.000000000000000000e+00
1.700000000000000000e+01
1.700000000000000000e+01
1.100000000000000000e+01
1.100000000000000000e+01
1.100000000000000000e+01
1.500000000000000000e+01
1.500000000000000000e+01
8.000000000000000000e+00
1.800000000000000000e+01
1.200000000000000000e+01
1.200000000000000000e+01
1.200000000000000000e+01
7.000000000000000000e+00
7.000000000000000000e+00
1.000000000000000000e+00
1.100000000000000000e+01
1.100000000000000000e+01
4.000000000000000000e+00
4.000000000000000000e+00
8.000000000000000000e+00
8.000000000000000000e+00
1.000000000000000000e+00
1.000000000000000000e+00
1.000000000000000000e+00
-5.000000000000000000e+00
-5.000000000000000000e+00
-5.000000000000000000e+00
-1.200000000000000000e+01
-2.000000000000000000e+00
-2.000000000000000000e+00
-2.000000000000000000e+00
1.100000000000000000e+01
1.100000000000000000e+01
4.000000000000000000e+00
4.000000000000000000e+00
-4.000000000000000000e+00
-4.000000000000000000e+00
6.000000000000000000e+00
-8.000000000000000000e+00
2.000000000000000000e+00
-5.000000000000000000e+00
5.000000000000000000e+00
-9.000000000000000000e+00
-9.000000000000000000e+00
-9.000000000000000000e+00
-1.700000000000000000e+01
-7.000000000000000000e+00
-1.500000000000000000e+01
-2.200000000000000000e+01
-1.200000000000000000e+01
-1.900000000000000000e+01
-1.900000000000000000e+01
-1.900000000000000000e+01
-2.700000000000000000e+01
-2.700000000000000000e+01
-2.700000000000000000e+01
-2.700000000000000000e+01
-3.500000000000000000e+01
-2.500000000000000000e+01
-2.500000000000000000e+01
-1.500000000000000000e+01
-1.300000000000000000e+01
-1.300000000000000000e+01
-2.000000000000000000e+01
-2.000000000000000000e+01
-2.000000000000000000e+01
-2.000000000000000000e+01
-2.500000000000000000e+01
-1.500000000000000000e+01
-1.500000000000000000e+01
-2.000000000000000000e+01
-1.000000000000000000e+01
-1.000000000000000000e+01
-1.400000000000000000e+01
-1.400000000000000000e+01
-1.400000000000000000e+01
-1.900000000000000000e+01
-9.000000000000000000e+00
-9.000000000000000000e+00
-9.000000000000000000e+00
-1.300000000000000000e+01
-1.300000000000000000e+01
-1.600000000000000000e+01
-1.600000000000000000e+01
-1.600000000000000000e+01
-2.000000000000000000e+01
-2.000000000000000000e+01
-2.000000000000000000e+01
-2.400000000000000000e+01
-2.400000000000000000e+01
-1.400000000000000000e+01
-1.700000000000000000e+01
-7.000000000000000000e+00
-7.000000000000000000e+00
-1.000000000000000000e+00
-1.000000000000000000e+00
-1.000000000000000000e+00
5.000000000000000000e+00
5.000000000000000000e+00
5.000000000000000000e+00
1.000000000000000000e+00
1.100000000000000000e+01
1.100000000000000000e+01
1.100000000000000000e+01
7.000000000000000000e+00
7.000000000000000000e+00
3.000000000000000000e+00
3.000000000000000000e+00
3.000000000000000000e+00
-1.000000000000000000e+00
9.000000000000000000e+00
9.000000000000000000e+00
9.000000000000000000e+00
-5.600000000000000000e+01
-5.600000000000000000e+01
-5.600000000000000000e+01
-6.100000000000000000e+01
-6.100000000000000000e+01
-6.100000000000000000e+01
-6.600000000000000000e+01
-6.600000000000000000e+01
-6.600000000000000000e+01
-6.600000000000000000e+01
-7.100000000000000000e+01
-7.100000000000000000e+01
-7.100000000000000000e+01
-7.600000000000000000e+01
-7.600000000000000000e+01
-7.600000000000000000e+01
-8.100000000000000000e+01
-8.100000000000000000e+01
-8.100000000000000000e+01
-8.500000000000000000e+01
-8.500000000000000000e+01
-8.500000000000000000e+01
0.000000000000000000e+00
