1.200000000000000000e+01
1.200000000000000000e+01
2.200000000000000000e+01
2.200000000000000000e+01
2.200000000000000000e+01
2.200000000000000000e+01
2.200000000000000000e+01
2.200000000000000000e+01
3.200000000000000000e+01
3.200000000000000000e+01
3.200000000000000000e+01
4.200000000000000000e+01
4.200000000000000000e+01
4.200000000000000000e+01
6.200000000000000000e+01
6.200000000000000000e+01
6.200000000000000000e+01
6.200000000000000000e+01
6.200000000000000000e+01
6.200000000000000000e+01
8.200000000000000000e+01
1.020000000000000000e+02
1.120000000000000000e+02
1.120000000000000000e+02
1.120000000000000000e+02
1.220000000000000000e+02
1.220000000000000000e+02
1.220000000000000000e+02
1.220000000000000000e+02
1.320000000000000000e+02
1.320000000000000000e+02
1.420000000000000000e+02
1.520000000000000000e+02
1.520000000000000000e+02
1.520000000000000000e+02
1.520000000000000000e+02
1.520000000000000000e+02
1.520000000000000000e+02
1.620000000000000000e+02
1.620000000000000000e+02
1.720000000000000000e+02
1.720000000000000000e+02
1.720000000000000000e+02
1.820000000000000000e+02
1.820000000000000000e+02
1.820000000000000000e+02
1.910000000000000000e+02
1.910000000000000000e+02
1.910000000000000000e+02
2.000000000000000000e+02
2.000000000000000000e+02
2.000000000000000000e+02
2.000000000000000000e+02
2.100000000000000000e+02
2.100000000000000000e+02
2.090000000000000000e+02
2.090000000000000000e+02
2.190000000000000000e+02
2.190000000000000000e+02
2.280000000000000000e+02
2.280000000000000000e+02
2.280000000000000000e+02
2.470000000000000000e+02
2.470000000000000000e+02
2.470000000000000000e+02
2.470000000000000000e+02
2.470000000000000000e+02
2.570000000000000000e+02
2.570000000000000000e+02
2.560000000000000000e+02
2.560000000000000000e+02
2.560000000000000000e+02
2.650000000000000000e+02
2.750000000000000000e+02
2.750000000000000000e+02
2.750000000000000000e+02
2.830000000000000000e+02
2.830000000000000000e+02
2.830000000000000000e+02
2.910000000000000000e+02
2.910000000000000000e+02
2.890000000000000000e+02
2.890000000000000000e+02
2.990000000000000000e+02
3.090000000000000000e+02
3.070000000000000000e+02
3.170000000000000000e+02
3.170000000000000000e+02
3.150000000000000000e+02
3.150000000000000000e+02
3.350000000000000000e+02
3.440000000000000000e+02
3.440000000000000000e+02
3.540000000000000000e+02
3.610000000000000000e+02
3.710000000000000000e+02
3.680000000000000000e+02
3.680000000000000000e+02
3.680000000000000000e+02
3.750000000000000000e+02
3.750000000000000000e+02
3.750000000000000000e+02
3.810000000000000000e+02
3.810000000000000000e+02
3.810000000000000000e+02
3.810000000000000000e+02
3.770000000000000000e+02
3.770000000000000000e+02
3.770000000000000000e+02
3.870000000000000000e+02
3.810000000000000000e+02
3.810000000000000000e+02
3.810000000000000000e+02
3.810000000000000000e+02
3.750000000000000000e+02
3.750000000000000000e+02
3.850000000000000000e+02
3.850000000000000000e+02
3.780000000000000000e+02
3.880000000000000000e+02
3.880000000000000000e+02
3.800000000000000000e+02
3.800000000000000000e+02
3.800000000000000000e+02
3.800000000000000000e+02
3.810000000000000000e+02
3.810000000000000000e+02
3.810000000000000000e+02
3.810000000000000000e+02
3.720000000000000000e+02
3.720000000000000000e+02
3.820000000000000000e+02
3.720000000000000000e+02
3.720000000000000000e+02
3.720000000000000000e+02
3.720000000000000000e+02
3.820000000000000000e+02
3.820000000000000000e+02
3.920000000000000000e+02
3.920000000000000000e+02
3.810000000000000000e+02
3.810000000000000000e+02
3.910000000000000000e+02
3.910000000000000000e+02
3.790000000000000000e+02
3.890000000000000000e+02
3.890000000000000000e+02
3.890000000000000000e+02
3.860000000000000000e+02
3.860000000000000000e+02
3.860000000000000000e+02
3.860000000000000000e+02
3.920000000000000000e+02
3.920000000000000000e+02
3.920000000000000000e+02
4.020000000000000000e+02
3.880000000000000000e+02
3.980000000000000000e+02
3.980000000000000000e+02
3.920000000000000000e+02
3.920000000000000000e+02
3.920000000000000000e+02
3.860000000000000000e+02
3.960000000000000000e+02
3.960000000000000000e+02
3.960000000000000000e+02
3.780000000000000000e+02
3.780000000000000000e+02
3.780000000000000000e+02
3.880000000000000000e+02
3.700000000000000000e+02
3.700000000000000000e+02
3.800000000000000000e+02
3.800000000000000000e+02
3.610000000000000000e+02
3.610000000000000000e+02
3.610000000000000000e+02
3.610000000000000000e+02
3.510000000000000000e+02
3.510000000000000000e+02
3.510000000000000000e+02
3.610000000000000000e+02
3.410000000000000000e+02
3.410000000000000000e+02
3.410000000000000000e+02
3.190000000000000000e+02
3.190000000000000000e+02
3.290000000000000000e+02
3.270000000000000000e+02
3.270000000000000000e+02
3.040000000000000000e+02
2.990000000000000000e+02
2.990000000000000000e+02
2.990000000000000000e+02
2.840000000000000000e+02
2.840000000000000000e+02
2.590000000000000000e+02
2.320000000000000000e+02
2.320000000000000000e+02
2.420000000000000000e+02
2.420000000000000000e+02
2.250000000000000000e+02
2.250000000000000000e+02
2.250000000000000000e+02
1.960000000000000000e+02
1.960000000000000000e+02
2.060000000000000000e+02
2.060000000000000000e+02
1.770000000000000000e+02
1.770000000000000000e+02
1.770000000000000000e+02
1.770000000000000000e+02
1.570000000000000000e+02
1.570000000000000000e+02
1.260000000000000000e+02
1.360000000000000000e+02
1.040000000000000000e+02
1.040000000000000000e+02
1.040000000000000000e+02
1.140000000000000000e+02
9.200000000000000000e+01
9.200000000000000000e+01
9.200000000000000000e+01
5.800000000000000000e+01
6.800000000000000000e+01
6.800000000000000000e+01
4.400000000000000000e+01
1.900000000000000000e+01
-1.500000000000000000e+01
-5.000000000000000000e+00
-3.800000000000000000e+01
-2.800000000000000000e+01
-2.800000000000000000e+01
-1.800000000000000000e+01
-5.100000000000000000e+01
-5.100000000000000000e+01
-8.200000000000000000e+01
-7.200000000000000000e+01
-6.200000000000000000e+01
-6.200000000000000000e+01
-9.300000000000000000e+01
-9.300000000000000000e+01
-9.300000000000000000e+01
-1.140000000000000000e+02
-1.140000000000000000e+02
-1.430000000000000000e+02
-1.430000000000000000e+02
-1.510000000000000000e+02
-1.510000000000000000e+02
-1.510000000000000000e+02
-1.780000000000000000e+02
-1.780000000000000000e+02
-1.680000000000000000e+02
-1.950000000000000000e+02
-2.100000000000000000e+02
-2.100000000000000000e+02
-2.100000000000000000e+02
-2.000000000000000000e+02
-2.150000000000000000e+02
-2.150000000000000000e+02
-2.150000000000000000e+02
-2.150000000000000000e+02
-2.280000000000000000e+02
-2.280000000000000000e+02
-2.280000000000000000e+02
-2.510000000000000000e+02
-2.410000000000000000e+02
-2.410000000000000000e+02
-2.410000000000000000e+02
-2.620000000000000000e+02
-2.620000000000000000e+02
-2.520000000000000000e+02
-2.520000000000000000e+02
-2.730000000000000000e+02
-2.630000000000000000e+02
-2.630000000000000000e+02
-2.730000000000000000e+02
-2.730000000000000000e+02
-2.910000000000000000e+02
-2.810000000000000000e+02
-2.710000000000000000e+02
-2.890000000000000000e+02
-2.890000000000000000e+02
-2.890000000000000000e+02
-2.890000000000000000e+02
-3.060000000000000000e+02
-2.960000000000000000e+02
-2.960000000000000000e+02
-2.960000000000000000e+02
-3.110000000000000000e+02
-3.110000000000000000e+02
-3.010000000000000000e+02
-3.010000000000000000e+02
-3.050000000000000000e+02
-3.050000000000000000e+02
-3.050000000000000000e+02
-3.190000000000000000e+02
-3.210000000000000000e+02
-3.210000000000000000e+02
-3.210000000000000000e+02
-3.320000000000000000e+02
-3.220000000000000000e+02
-3.120000000000000000e+02
-3.020000000000000000e+02
-3.120000000000000000e+02
-3.120000000000000000e+02
-3.120000000000000000e+02
-3.100000000000000000e+02
-3.000000000000000000e+02
-3.080000000000000000e+02
-3.040000000000000000e+02
-3.100000000000000000e+02
-3.100000000000000000e+02
-3.100000000000000000e+02
-3.000000000000000000e+02
-3.040000000000000000e+02
-3.040000000000000000e+02
-3.070000000000000000e+02
-2.970000000000000000e+02
-2.970000000000000000e+02
-2.870000000000000000e+02
-2.890000000000000000e+02
-2.890000000000000000e+02
-2.890000000000000000e+02
-2.890000000000000000e+02
-2.800000000000000000e+02
-2.800000000000000000e+02
-2.810000000000000000e+02
-2.810000000000000000e+02
-2.810000000000000000e+02
-2.710000000000000000e+02
-2.700000000000000000e+02
-2.700000000000000000e+02
-2.580000000000000000e+02
-2.480000000000000000e+02
-2.380000000000000000e+02
-2.350000000000000000e+02
-2.250000000000000000e+02
-2.250000000000000000e+02
-2.250000000000000000e+02
-2.110000000000000000e+02
-2.110000000000000000e+02
-2.110000000000000000e+02
-2.070000000000000000e+02
-2.070000000000000000e+02
-2.070000000000000000e+02
-1.970000000000000000e+02
-1.860000000000000000e+02
-1.760000000000000000e+02
-1.760000000000000000e+02
-1.760000000000000000e+02
-1.700000000000000000e+02
-1.600000000000000000e+02
-1.600000000000000000e+02
-1.540000000000000000e+02
-1.540000000000000000e+02
-1.540000000000000000e+02
-1.480000000000000000e+02
-1.380000000000000000e+02
-1.280000000000000000e+02
-1.220000000000000000e+02
-1.220000000000000000e+02
-1.120000000000000000e+02
-1.120000000000000000e+02
-9.700000000000000000e+01
-9.700000000000000000e+01
-9.700000000000000000e+01
-9.700000000000000000e+01
-9.200000000000000000e+01
-8.200000000000000000e+01
-8.200000000000000000e+01
-6.800000000000000000e+01
-6.400000000000000000e+01
-6.400000000000000000e+01
-6.400000000000000000e+01
-5.400000000000000000e+01
-5.100000000000000000e+01
-4.100000000000000000e+01
-4.100000000000000000e+01
-2.800000000000000000e+01
-1.800000000000000000e+01
-1.800000000000000000e+01
-1.800000000000000000e+01
-1.600000000000000000e+01
-1.600000000000000000e+01
-1.500000000000000000e+01
-5.000000000000000000e+00
-5.000000000000000000e+00
-5.000000000000000000e+00
-5.000000000000000000e+00
-5.000000000000000000e+00
5.000000000000000000e+00
5.000000000000000000e+00
5.000000000000000000e+00
1.400000000000000000e+01
2.400000000000000000e+01
4.400000000000000000e+01
4.100000000000000000e+01
4.100000000000000000e+01
4.100000000000000000e+01
3.800000000000000000e+01
4.800000000000000000e+01
4.400000000000000000e+01
4.400000000000000000e+01
5.400000000000000000e+01
4.900000000000000000e+01
4.900000000000000000e+01
4.200000000000000000e+01
4.200000000000000000e+01
4.500000000000000000e+01
4.500000000000000000e+01
4.500000000000000000e+01
4.500000000000000000e+01
4.700000000000000000e+01
4.700000000000000000e+01
3.900000000000000000e+01
3.900000000000000000e+01
4.900000000000000000e+01
4.900000000000000000e+01
3.900000000000000000e+01
3.900000000000000000e+01
3.900000000000000000e+01
3.900000000000000000e+01
3.800000000000000000e+01
4.800000000000000000e+01
5.800000000000000000e+01
5.800000000000000000e+01
4.600000000000000000e+01
4.600000000000000000e+01
3.400000000000000000e+01
4.400000000000000000e+01
5.400000000000000000e+01
4.300000000000000000e+01
4.300000000000000000e+01
4.300000000000000000e+01
3.300000000000000000e+01
4.300000000000000000e+01
5.300000000000000000e+01
4.400000000000000000e+01
4.400000000000000000e+01
4.400000000000000000e+01
5.400000000000000000e+01
4.600000000000000000e+01
4.600000000000000000e+01
3.800000000000000000e+01
3.800000000000000000e+01
4.800000000000000000e+01
4.800000000000000000e+01
3.900000000000000000e+01
3.900000000000000000e+01
3.900000000000000000e+01
6.900000000000000000e+01
6.200000000000000000e+01
7.200000000000000000e+01
7.200000000000000000e+01
6.400000000000000000e+01
6.400000000000000000e+01
7.400000000000000000e+01
6.600000000000000000e+01
6.600000000000000000e+01
6.600000000000000000e+01
6.600000000000000000e+01
6.900000000000000000e+01
6.900000000000000000e+01
6.900000000000000000e+01
6.900000000000000000e+01
6.100000000000000000e+01
6.100000000000000000e+01
7.100000000000000000e+01
7.100000000000000000e+01
6.400000000000000000e+01
6.400000000000000000e+01
5.700000000000000000e+01
6.700000000000000000e+01
6.700000000000000000e+01
7.100000000000000000e+01
7.100000000000000000e+01
7.100000000000000000e+01
6.400000000000000000e+01
6.400000000000000000e+01
5.700000000000000000e+01
5.700000000000000000e+01
6.700000000000000000e+01
6.700000000000000000e+01
5.900000000000000000e+01
5.900000000000000000e+01
6.900000000000000000e+01
6.900000000000000000e+01
6.000000000000000000e+01
6.000000000000000000e+01
6.000000000000000000e+01
7.000000000000000000e+01
8.200000000000000000e+01
8.200000000000000000e+01
8.200000000000000000e+01
8.200000000000000000e+01
8.400000000000000000e+01
8.400000000000000000e+01
8.400000000000000000e+01
9.400000000000000000e+01
8.500000000000000000e+01
8.500000000000000000e+01
8.500000000000000000e+01
9.500000000000000000e+01
8.700000000000000000e+01
8.700000000000000000e+01
7.800000000000000000e+01
7.800000000000000000e+01
7.800000000000000000e+01
7.800000000000000000e+01
7.900000000000000000e+01
8.900000000000000000e+01
8.900000000000000000e+01
8.900000000000000000e+01
7.900000000000000000e+01
7.900000000000000000e+01
7.900000000000000000e+01
8.900000000000000000e+01
8.800000000000000000e+01
8.800000000000000000e+01
9.800000000000000000e+01
9.800000000000000000e+01
9.600000000000000000e+01
9.600000000000000000e+01
9.600000000000000000e+01
9.600000000000000000e+01
8.300000000000000000e+01
9.300000000000000000e+01
9.300000000000000000e+01
7.900000000000000000e+01
7.900000000000000000e+01
8.900000000000000000e+01
8.900000000000000000e+01
8.500000000000000000e+01
8.500000000000000000e+01
8.500000000000000000e+01
6.400000000000000000e+01
6.400000000000000000e+01
6.400000000000000000e+01
4.700000000000000000e+01
5.700000000000000000e+01
5.700000000000000000e+01
6.700000000000000000e+01
5.000000000000000000e+01
5.000000000000000000e+01
5.000000000000000000e+01
3.300000000000000000e+01
3.300000000000000000e+01
1.500000000000000000e+01
1.500000000000000000e+01
2.500000000000000000e+01
3.500000000000000000e+01
1.800000000000000000e+01
2.800000000000000000e+01
3.800000000000000000e+01
3.800000000000000000e+01
2.100000000000000000e+01
2.100000000000000000e+01
2.100000000000000000e+01
1.400000000000000000e+01
1.400000000000000000e+01
7.000000000000000000e+00
7.000000000000000000e+00
-9.000000000000000000e+00
-9.000000000000000000e+00
1.000000000000000000e+00
1.000000000000000000e+00
-1.300000000000000000e+01
-1.300000000000000000e+01
-1.300000000000000000e+01
-1.300000000000000000e+01
-2.700000000000000000e+01
-1.700000000000000000e+01
3.000000000000000000e+00
-1.100000000000000000e+01
-1.100000000000000000e+01
-1.100000000000000000e+01
9.000000000000000000e+00
-1.800000000000000000e+01
-8.000000000000000000e+00
-8.000000000000000000e+00
-2.000000000000000000e+01
-2.000000000000000000e+01
-3.100000000000000000e+01
-2.100000000000000000e+01
-2.100000000000000000e+01
-2.000000000000000000e+01
-1.000000000000000000e+01
-1.000000000000000000e+01
-1.000000000000000000e+01
-1.900000000000000000e+01
-9.000000000000000000e+00
-9.000000000000000000e+00
-1.700000000000000000e+01
-7.000000000000000000e+00
-1.400000000000000000e+01
-1.400000000000000000e+01
-4.000000000000000000e+00
-4.000000000000000000e+00
-1.000000000000000000e+01
0.000000000000000000e+00
0.000000000000000000e+00
0.000000000000000000e+00
-5.000000000000000000e+00
5.000000000000000000e+00
1.500000000000000000e+01
1.000000000000000000e+01
2.000000000000000000e+01
2.000000000000000000e+01
1.600000000000000000e+01
1.600000000000000000e+01
2.600000000000000000e+01
2.600000000000000000e+01
2.200000000000000000e+01
1.800000000000000000e+01
2.800000000000000000e+01
2.800000000000000000e+01
2.300000000000000000e+01
2.300000000000000000e+01
4.300000000000000000e+01
4.300000000000000000e+01
4.900000000000000000e+01
4.900000000000000000e+01
4.900000000000000000e+01
5.900000000000000000e+01
5.400000000000000000e+01
5.400000000000000000e+01
5.400000000000000000e+01
4.900000000000000000e+01
5.900000000000000000e+01
5.900000000000000000e+01
5.900000000000000000e+01
5.300000000000000000e+01
6.300000000000000000e+01
6.300000000000000000e+01
5.600000000000000000e+01
5.600000000000000000e+01
5.600000000000000000e+01
5.600000000000000000e+01
5.900000000000000000e+01
5.900000000000000000e+01
6.900000000000000000e+01
6.200000000000000000e+01
7.200000000000000000e+01
7.200000000000000000e+01
6.500000000000000000e+01
7.500000000000000000e+01
7.700000000000000000e+01
7.700000000000000000e+01
6.900000000000000000e+01
7.900000000000000000e+01
7.000000000000000000e+01
8.000000000000000000e+01
7.000000000000000000e+01
5.900000000000000000e+01
5.900000000000000000e+01
5.800000000000000000e+01
5.800000000000000000e+01
5.800000000000000000e+01
5.800000000000000000e+01
6.700000000000000000e+01
6.700000000000000000e+01
6.600000000000000000e+01
7.600000000000000000e+01
7.600000000000000000e+01
7.400000000000000000e+01
7.400000000000000000e+01
6.200000000000000000e+01
6.200000000000000000e+01
5.800000000000000000e+01
5.800000000000000000e+01
4.400000000000000000e+01
5.400000000000000000e+01
5.400000000000000000e+01
4.100000000000000000e+01
5.100000000000000000e+01
5.100000000000000000e+01
3.800000000000000000e+01
5.800000000000000000e+01
5.800000000000000000e+01
4.400000000000000000e+01
4.400000000000000000e+01
3.100000000000000000e+01
4.100000000000000000e+01
4.100000000000000000e+01
4.100000000000000000e+01
3.700000000000000000e+01
3.700000000000000000e+01
3.300000000000000000e+01
3.300000000000000000e+01
2.000000000000000000e+01
2.000000000000000000e+01
2.000000000000000000e+01
1.600000000000000000e+01
4.000000000000000000e+00
1.400000000000000000e+01
1.400000000000000000e+01
2.000000000000000000e+00
2.000000000000000000e+00
2.000000000000000000e+00
0.000000000000000000e+00
1.000000000000000000e+01
3.000000000000000000e+01
3.000000000000000000e+01
1.900000000000000000e+01
1.900000000000000000e+01
1.900000000000000000e+01
1.900000000000000000e+01
7.000000000000000000e+00
1.700000000000000000e+01
1.700000000000000000e+01
2.700000000000000000e+01
1.600000000000000000e+01
1.600000000000000000e+01
1.600000000000000000e+01
2.600000000000000000e+01
1.600000000000000000e+01
1.600000000000000000e+01
1.600000000000000000e+01
6.000000000000000000e+00
1.600000000000000000e+01
1.600000000000000000e+01
8.000000000000000000e+00
8.000000000000000000e+00
1.000000000000000000e+01
1.000000000000000000e+01
0.000000000000000000e+00
1.000000000000000000e+01
1.000000000000000000e+01
2.000000000000000000e+01
1.100000000000000000e+01
3.100000000000000000e+01
3.100000000000000000e+01
2.100000000000000000e+01
3.100000000000000000e+01
2.100000000000000000e+01
2.100000000000000000e+01
3.100000000000000000e+01
2.100000000000000000e+01
3.100000000000000000e+01
3.100000000000000000e+01
3.200000000000000000e+01
3.200000000000000000e+01
3.200000000000000000e+01
3.300000000000000000e+01
3.300000000000000000e+01
3.300000000000000000e+01
3.300000000000000000e+01
3.400000000000000000e+01
4.400000000000000000e+01
3.400000000000000000e+01
3.400000000000000000e+01
3.400000000000000000e+01
2.300000000000000000e+01
3.300000000000000000e+01
3.300000000000000000e+01
3.300000000000000000e+01
3.300000000000000000e+01
3.300000000000000000e+01
2.200000000000000000e+01
1.000000000000000000e+01
3.000000000000000000e+01
3.000000000000000000e+01
3.000000000000000000e+01
1.900000000000000000e+01
2.900000000000000000e+01
2.700000000000000000e+01
2.700000000000000000e+01
1.700000000000000000e+01
2.700000000000000000e+01
1.600000000000000000e+01
1.600000000000000000e+01
2.600000000000000000e+01
1.600000000000000000e+01
1.600000000000000000e+01
1.600000000000000000e+01
7.000000000000000000e+00
1.700000000000000000e+01
1.700000000000000000e+01
1.800000000000000000e+01
2.800000000000000000e+01
2.900000000000000000e+01
3.900000000000000000e+01
3.100000000000000000e+01
4.100000000000000000e+01
4.100000000000000000e+01
3.300000000000000000e+01
3.300000000000000000e+01
3.500000000000000000e+01
2.700000000000000000e+01
3.700000000000000000e+01
3.700000000000000000e+01
2.900000000000000000e+01
3.900000000000000000e+01
3.900000000000000000e+01
3.000000000000000000e+01
3.000000000000000000e+01
4.000000000000000000e+01
3.200000000000000000e+01
3.200000000000000000e+01
3.300000000000000000e+01
3.300000000000000000e+01
3.300000000000000000e+01
3.300000000000000000e+01
2.400000000000000000e+01
3.400000000000000000e+01
2.400000000000000000e+01
3.400000000000000000e+01
3.400000000000000000e+01
3.400000000000000000e+01
2.500000000000000000e+01
2.500000000000000000e+01
2.500000000000000000e+01
3.500000000000000000e+01
3.500000000000000000e+01
4.500000000000000000e+01
5.500000000000000000e+01
5.500000000000000000e+01
4.500000000000000000e+01
4.500000000000000000e+01
5.500000000000000000e+01
4.600000000000000000e+01
4.600000000000000000e+01
4.600000000000000000e+01
5.600000000000000000e+01
4.600000000000000000e+01
4.600000000000000000e+01
4.600000000000000000e+01
5.600000000000000000e+01
4.700000000000000000e+01
4.700000000000000000e+01
4.700000000000000000e+01
6.700000000000000000e+01
5.800000000000000000e+01
5.800000000000000000e+01
6.800000000000000000e+01
5.900000000000000000e+01
5.900000000000000000e+01
6.900000000000000000e+01
6.900000000000000000e+01
5.900000000000000000e+01
6.900000000000000000e+01
6.900000000000000000e+01
6.900000000000000000e+01
6.000000000000000000e+01
6.000000000000000000e+01
7.000000000000000000e+01
8.000000000000000000e+01
7.000000000000000000e+01
7.000000000000000000e+01
7.000000000000000000e+01
7.000000000000000000e+01
6.900000000000000000e+01
6.900000000000000000e+01
6.900000000000000000e+01
5.700000000000000000e+01
6.700000000000000000e+01
6.700000000000000000e+01
5.500000000000000000e+01
5.500000000000000000e+01
5.500000000000000000e+01
6.500000000000000000e+01
5.200000000000000000e+01
5.200000000000000000e+01
7.200000000000000000e+01
7.200000000000000000e+01
6.900000000000000000e+01
5.500000000000000000e+01
5.500000000000000000e+01
5.500000000000000000e+01
5.500000000000000000e+01
5.100000000000000000e+01
6.100000000000000000e+01
6.100000000000000000e+01
4.600000000000000000e+01
5.600000000000000000e+01
5.600000000000000000e+01
5.600000000000000000e+01
4.000000000000000000e+01
5.000000000000000000e+01
5.000000000000000000e+01
3.600000000000000000e+01
4.600000000000000000e+01
4.600000000000000000e+01
3.200000000000000000e+01
3.200000000000000000e+01
2.700000000000000000e+01
2.700000000000000000e+01
2.700000000000000000e+01
2.700000000000000000e+01
2.200000000000000000e+01
2.200000000000000000e+01
2.200000000000000000e+01
1.700000000000000000e+01
1.700000000000000000e+01
3.700000000000000000e+01
3.700000000000000000e+01
2.200000000000000000e+01
4.200000000000000000e+01
2.800000000000000000e+01
1.400000000000000000e+01
2.400000000000000000e+01
2.400000000000000000e+01
1.000000000000000000e+01
2.000000000000000000e+01
1.700000000000000000e+01
1.700000000000000000e+01
1.500000000000000000e+01
1.500000000000000000e+01
1.500000000000000000e+01
3.000000000000000000e+00
1.300000000000000000e+01
2.000000000000000000e+00
2.000000000000000000e+00
1.200000000000000000e+01
1.000000000000000000e+00
1.000000000000000000e+00
1.000000000000000000e+00
-8.000000000000000000e+00
2.000000000000000000e+00
4.000000000000000000e+00
1.400000000000000000e+01
2.400000000000000000e+01
1.600000000000000000e+01
1.600000000000000000e+01
2.600000000000000000e+01
1.700000000000000000e+01
1.700000000000000000e+01
2.700000000000000000e+01
2.700000000000000000e+01
1.900000000000000000e+01
1.900000000000000000e+01
1.900000000000000000e+01
2.900000000000000000e+01
2.000000000000000000e+01
2.000000000000000000e+01
3.000000000000000000e+01
2.100000000000000000e+01
2.100000000000000000e+01
2.100000000000000000e+01
2.100000000000000000e+01
1.300000000000000000e+01
2.300000000000000000e+01
2.300000000000000000e+01
1.700000000000000000e+01
2.700000000000000000e+01
2.700000000000000000e+01
3.100000000000000000e+01
4.100000000000000000e+01
5.100000000000000000e+01
5.100000000000000000e+01
4.500000000000000000e+01
4.500000000000000000e+01
4.500000000000000000e+01
5.500000000000000000e+01
5.000000000000000000e+01
5.000000000000000000e+01
5.000000000000000000e+01
5.000000000000000000e+01
5.500000000000000000e+01
5.500000000000000000e+01
5.500000000000000000e+01
6.500000000000000000e+01
6.000000000000000000e+01
5.400000000000000000e+01
7.400000000000000000e+01
7.400000000000000000e+01
6.900000000000000000e+01
6.900000000000000000e+01
7.900000000000000000e+01
7.300000000000000000e+01
7.300000000000000000e+01
7.300000000000000000e+01
8.600000000000000000e+01
8.600000000000000000e+01
9.600000000000000000e+01
8.800000000000000000e+01
9.800000000000000000e+01
9.800000000000000000e+01
8.900000000000000000e+01
8.900000000000000000e+01
9.100000000000000000e+01
9.100000000000000000e+01
9.100000000000000000e+01
9.100000000000000000e+01
9.400000000000000000e+01
9.400000000000000000e+01
9.400000000000000000e+01
9.500000000000000000e+01
9.500000000000000000e+01
9.600000000000000000e+01
8.600000000000000000e+01
8.600000000000000000e+01
9.600000000000000000e+01
8.600000000000000000e+01
1.060000000000000000e+02
1.060000000000000000e+02
1.060000000000000000e+02
9.500000000000000000e+01
1.050000000000000000e+02
1.150000000000000000e+02
1.030000000000000000e+02
9.100000000000000000e+01
1.010000000000000000e+02
8.800000000000000000e+01
9.800000000000000000e+01
9.400000000000000000e+01
1.000000000000000000e+02
1.000000000000000000e+02
8.600000000000000000e+01
9.600000000000000000e+01
9.000000000000000000e+01
7.400000000000000000e+01
7.400000000000000000e+01
5.800000000000000000e+01
5.800000000000000000e+01
5.000000000000000000e+01
5.300000000000000000e+01
5.300000000000000000e+01
6.300000000000000000e+01
4.500000000000000000e+01
3.800000000000000000e+01
3.800000000000000000e+01
2.000000000000000000e+01
2.000000000000000000e+01
2.000000000000000000e+01
-6.000000000000000000e+00
4.000000000000000000e+00
-1.630000000000000000e+02
-1.530000000000000000e+02
-1.690000000000000000e+02
-1.690000000000000000e+02
-1.690000000000000000e+02
-1.690000000000000000e+02
-1.840000000000000000e+02
-1.840000000000000000e+02
-1.840000000000000000e+02
-1.980000000000000000e+02
-1.880000000000000000e+02
-2.020000000000000000e+02
-2.020000000000000000e+02
-2.020000000000000000e+02
-2.020000000000000000e+02
-2.150000000000000000e+02
-2.150000000000000000e+02
-2.150000000000000000e+02
-2.150000000000000000e+02
-2.270000000000000000e+02
-2.270000000000000000e+02
-2.270000000000000000e+02
0.000000000000000000e+00
