-1.600000000000000000e+01
-1.600000000000000000e+01
-5.600000000000000000e+01
-5.600000000000000000e+01
-1.060000000000000000e+02
-1.460000000000000000e+02
-1.960000000000000000e+02
-1.960000000000000000e+02
-2.460000000000000000e+02
-2.460000000000000000e+02
-2.460000000000000000e+02
-2.860000000000000000e+02
-2.860000000000000000e+02
-2.860000000000000000e+02
-2.960000000000000000e+02
-3.210000000000000000e+02
-3.210000000000000000e+02
-3.610000000000000000e+02
-3.420000000000000000e+02
-3.820000000000000000e+02
-4.230000000000000000e+02
-4.610000000000000000e+02
-4.570000000000000000e+02
-4.900000000000000000e+02
-4.780000000000000000e+02
-5.180000000000000000e+02
-5.010000000000000000e+02
-5.000000000000000000e+02
-5.000000000000000000e+02
-5.400000000000000000e+02
-5.400000000000000000e+02
-5.300000000000000000e+02
-5.190000000000000000e+02
-5.690000000000000000e+02
-5.790000000000000000e+02
-6.290000000000000000e+02
-6.290000000000000000e+02
-6.380000000000000000e+02
-6.380000000000000000e+02
-6.880000000000000000e+02
-6.880000000000000000e+02
-7.380000000000000000e+02
-7.380000000000000000e+02
-6.670000000000000000e+02
-6.670000000000000000e+02
-6.770000000000000000e+02
-6.770000000000000000e+02
-7.170000000000000000e+02
-6.390000000000000000e+02
-6.390000000000000000e+02
-6.890000000000000000e+02
-7.390000000000000000e+02
-6.950000000000000000e+02
-6.960000000000000000e+02
-7.060000000000000000e+02
-7.230000000000000000e+02
-7.630000000000000000e+02
-7.930000000000000000e+02
-8.430000000000000000e+02
-8.830000000000000000e+02
-7.430000000000000000e+02
-7.530000000000000000e+02
-7.930000000000000000e+02
-7.030000000000000000e+02
-7.530000000000000000e+02
-7.110000000000000000e+02
-7.210000000000000000e+02
-7.610000000000000000e+02
-7.610000000000000000e+02
-6.960000000000000000e+02
-6.960000000000000000e+02
-7.360000000000000000e+02
-7.760000000000000000e+02
-8.260000000000000000e+02
-8.260000000000000000e+02
-8.760000000000000000e+02
-9.160000000000000000e+02
-9.160000000000000000e+02
-9.660000000000000000e+02
-7.230000000000000000e+02
-7.230000000000000000e+02
-7.630000000000000000e+02
-7.440000000000000000e+02
-7.940000000000000000e+02
-7.320000000000000000e+02
-7.320000000000000000e+02
-7.550000000000000000e+02
-7.450000000000000000e+02
-7.760000000000000000e+02
-7.470000000000000000e+02
-7.270000000000000000e+02
-7.560000000000000000e+02
-7.400000000000000000e+02
-7.450000000000000000e+02
-7.280000000000000000e+02
-7.430000000000000000e+02
-7.790000000000000000e+02
-7.370000000000000000e+02
-7.730000000000000000e+02
-7.340000000000000000e+02
-7.600000000000000000e+02
-7.430000000000000000e+02
-7.220000000000000000e+02
-7.450000000000000000e+02
-7.630000000000000000e+02
-7.500000000000000000e+02
-7.700000000000000000e+02
-7.410000000000000000e+02
-7.770000000000000000e+02
-7.610000000000000000e+02
-7.980000000000000000e+02
-7.770000000000000000e+02
-7.940000000000000000e+02
-7.800000000000000000e+02
-8.070000000000000000e+02
-8.170000000000000000e+02
-7.740000000000000000e+02
-7.950000000000000000e+02
-7.860000000000000000e+02
-7.540000000000000000e+02
-7.550000000000000000e+02
-7.870000000000000000e+02
-7.660000000000000000e+02
-7.920000000000000000e+02
-7.670000000000000000e+02
-8.000000000000000000e+02
-7.810000000000000000e+02
-7.940000000000000000e+02
-7.860000000000000000e+02
-8.180000000000000000e+02
-8.000000000000000000e+02
-8.210000000000000000e+02
-8.640000000000000000e+02
-8.310000000000000000e+02
-8.040000000000000000e+02
-8.280000000000000000e+02
-7.790000000000000000e+02
-7.710000000000000000e+02
-7.890000000000000000e+02
-8.020000000000000000e+02
-8.270000000000000000e+02
-8.070000000000000000e+02
-8.250000000000000000e+02
-7.980000000000000000e+02
-7.730000000000000000e+02
-7.950000000000000000e+02
-7.730000000000000000e+02
-7.900000000000000000e+02
-7.740000000000000000e+02
-7.880000000000000000e+02
-8.150000000000000000e+02
-8.500000000000000000e+02
-8.210000000000000000e+02
-8.380000000000000000e+02
-8.300000000000000000e+02
-8.490000000000000000e+02
-8.200000000000000000e+02
-8.380000000000000000e+02
-8.110000000000000000e+02
-7.880000000000000000e+02
-8.030000000000000000e+02
-7.940000000000000000e+02
-7.960000000000000000e+02
-7.880000000000000000e+02
-8.070000000000000000e+02
-8.230000000000000000e+02
-8.330000000000000000e+02
-8.530000000000000000e+02
-8.630000000000000000e+02
-8.500000000000000000e+02
-8.170000000000000000e+02
-8.400000000000000000e+02
-8.070000000000000000e+02
-8.070000000000000000e+02
-8.020000000000000000e+02
-7.810000000000000000e+02
-8.210000000000000000e+02
-8.210000000000000000e+02
-8.010000000000000000e+02
-8.300000000000000000e+02
-8.580000000000000000e+02
-8.410000000000000000e+02
-8.570000000000000000e+02
-8.510000000000000000e+02
-8.810000000000000000e+02
-8.140000000000000000e+02
-7.610000000000000000e+02
-7.710000000000000000e+02
-7.700000000000000000e+02
-7.900000000000000000e+02
-7.460000000000000000e+02
-7.260000000000000000e+02
-6.890000000000000000e+02
0.000000000000000000e+00
