7.000000000000000000e+00
6.000000000000000000e+00
-4.000000000000000000e+00
-4.000000000000000000e+00
-1.400000000000000000e+01
-1.400000000000000000e+01
-1.300000000000000000e+01
-1.300000000000000000e+01
-2.300000000000000000e+01
-2.500000000000000000e+01
-4.200000000000000000e+01
-4.300000000000000000e+01
-5.400000000000000000e+01
-7.400000000000000000e+01
-8.400000000000000000e+01
-8.300000000000000000e+01
-1.040000000000000000e+02
-1.030000000000000000e+02
-1.040000000000000000e+02
-1.240000000000000000e+02
-1.240000000000000000e+02
-1.230000000000000000e+02
-1.230000000000000000e+02
-1.330000000000000000e+02
-1.340000000000000000e+02
-1.530000000000000000e+02
-1.530000000000000000e+02
-1.740000000000000000e+02
-1.730000000000000000e+02
-1.740000000000000000e+02
-1.930000000000000000e+02
-1.930000000000000000e+02
-1.930000000000000000e+02
-1.930000000000000000e+02
-2.130000000000000000e+02
-2.230000000000000000e+02
-2.440000000000000000e+02
-2.640000000000000000e+02
-2.630000000000000000e+02
-2.740000000000000000e+02
-2.740000000000000000e+02
-2.930000000000000000e+02
-3.040000000000000000e+02
-3.130000000000000000e+02
-3.230000000000000000e+02
-3.230000000000000000e+02
-3.230000000000000000e+02
-3.440000000000000000e+02
-3.430000000000000000e+02
-3.430000000000000000e+02
-3.540000000000000000e+02
-3.540000000000000000e+02
-3.650000000000000000e+02
-3.640000000000000000e+02
-3.740000000000000000e+02
-3.940000000000000000e+02
-4.130000000000000000e+02
-4.240000000000000000e+02
-4.430000000000000000e+02
-4.430000000000000000e+02
-4.640000000000000000e+02
-4.730000000000000000e+02
-4.730000000000000000e+02
-4.740000000000000000e+02
-4.740000000000000000e+02
-4.930000000000000000e+02
-4.930000000000000000e+02
-5.030000000000000000e+02
-5.040000000000000000e+02
-5.140000000000000000e+02
-5.340000000000000000e+02
-5.540000000000000000e+02
-5.530000000000000000e+02
-5.630000000000000000e+02
-5.650000000000000000e+02
-5.850000000000000000e+02
-5.840000000000000000e+02
-5.830000000000000000e+02
-5.840000000000000000e+02
-6.040000000000000000e+02
-6.040000000000000000e+02
-6.130000000000000000e+02
-6.130000000000000000e+02
-6.230000000000000000e+02
-6.430000000000000000e+02
-6.430000000000000000e+02
-6.430000000000000000e+02
-6.630000000000000000e+02
-6.640000000000000000e+02
-6.730000000000000000e+02
-6.730000000000000000e+02
-6.930000000000000000e+02
-7.030000000000000000e+02
-7.030000000000000000e+02
-7.040000000000000000e+02
-7.240000000000000000e+02
-7.240000000000000000e+02
-7.330000000000000000e+02
-7.330000000000000000e+02
-7.540000000000000000e+02
-7.630000000000000000e+02
-7.840000000000000000e+02
-7.840000000000000000e+02
-8.030000000000000000e+02
-8.030000000000000000e+02
-8.130000000000000000e+02
-8.130000000000000000e+02
-8.340000000000000000e+02
-8.330000000000000000e+02
-8.330000000000000000e+02
-8.330000000000000000e+02
-8.430000000000000000e+02
-8.430000000000000000e+02
-8.640000000000000000e+02
-8.640000000000000000e+02
-8.740000000000000000e+02
-8.920000000000000000e+02
-8.930000000000000000e+02
-9.140000000000000000e+02
-9.130000000000000000e+02
-9.130000000000000000e+02
-9.230000000000000000e+02
-9.240000000000000000e+02
-9.840000000000000000e+02
-1.004000000000000000e+03
-1.014000000000000000e+03
-1.024000000000000000e+03
-1.024000000000000000e+03
-1.033000000000000000e+03
-1.034000000000000000e+03
-1.034000000000000000e+03
-1.034000000000000000e+03
-1.043000000000000000e+03
-1.063000000000000000e+03
-1.073000000000000000e+03
-1.083000000000000000e+03
-1.084000000000000000e+03
-1.084000000000000000e+03
-1.093000000000000000e+03
-1.094000000000000000e+03
-1.105000000000000000e+03
-1.105000000000000000e+03
-1.123000000000000000e+03
-1.133000000000000000e+03
-1.152000000000000000e+03
-1.154000000000000000e+03
-1.174000000000000000e+03
-1.174000000000000000e+03
-1.184000000000000000e+03
-1.183000000000000000e+03
-1.183000000000000000e+03
-1.183000000000000000e+03
-1.203000000000000000e+03
-1.213000000000000000e+03
-1.234000000000000000e+03
-1.233000000000000000e+03
-1.243000000000000000e+03
-1.243000000000000000e+03
-1.254000000000000000e+03
-1.263000000000000000e+03
-1.283000000000000000e+03
-1.304000000000000000e+03
-1.304000000000000000e+03
-1.305000000000000000e+03
0.000000000000000000e+00
