-1.700000000000000000e+01
-1.700000000000000000e+01
-2.800000000000000000e+01
-2.700000000000000000e+01
-4.800000000000000000e+01
-4.700000000000000000e+01
-4.800000000000000000e+01
-4.700000000000000000e+01
-7.800000000000000000e+01
-7.800000000000000000e+01
-9.700000000000000000e+01
-9.800000000000000000e+01
-1.280000000000000000e+02
-1.480000000000000000e+02
-1.770000000000000000e+02
-1.780000000000000000e+02
-2.070000000000000000e+02
-2.090000000000000000e+02
-2.070000000000000000e+02
-2.380000000000000000e+02
-2.380000000000000000e+02
-2.370000000000000000e+02
-2.370000000000000000e+02
-2.680000000000000000e+02
-2.680000000000000000e+02
-2.980000000000000000e+02
-2.980000000000000000e+02
-3.280000000000000000e+02
-3.270000000000000000e+02
-3.270000000000000000e+02
-3.590000000000000000e+02
-3.570000000000000000e+02
-3.570000000000000000e+02
-3.680000000000000000e+02
-3.970000000000000000e+02
-4.170000000000000000e+02
-4.480000000000000000e+02
-4.780000000000000000e+02
-4.770000000000000000e+02
-4.980000000000000000e+02
-5.080000000000000000e+02
-5.370000000000000000e+02
-5.570000000000000000e+02
-5.680000000000000000e+02
-5.880000000000000000e+02
-5.880000000000000000e+02
-5.870000000000000000e+02
-6.180000000000000000e+02
-6.170000000000000000e+02
-6.170000000000000000e+02
-6.370000000000000000e+02
-6.480000000000000000e+02
-6.570000000000000000e+02
-6.580000000000000000e+02
-6.770000000000000000e+02
-7.080000000000000000e+02
-7.380000000000000000e+02
-7.670000000000000000e+02
-7.970000000000000000e+02
-7.980000000000000000e+02
-8.280000000000000000e+02
-8.480000000000000000e+02
-8.570000000000000000e+02
-8.570000000000000000e+02
-8.580000000000000000e+02
-8.770000000000000000e+02
-8.780000000000000000e+02
-8.960000000000000000e+02
-8.980000000000000000e+02
-9.280000000000000000e+02
-9.470000000000000000e+02
-9.870000000000000000e+02
-9.880000000000000000e+02
-1.007000000000000000e+03
-1.006000000000000000e+03
-1.038000000000000000e+03
-1.039000000000000000e+03
-1.038000000000000000e+03
-1.047000000000000000e+03
-1.068000000000000000e+03
-1.066000000000000000e+03
-1.087000000000000000e+03
-1.088000000000000000e+03
-1.107000000000000000e+03
-1.137000000000000000e+03
-1.138000000000000000e+03
-1.148000000000000000e+03
-1.168000000000000000e+03
-1.166000000000000000e+03
-1.189000000000000000e+03
-1.187000000000000000e+03
-1.219000000000000000e+03
-1.237000000000000000e+03
-1.247000000000000000e+03
-1.248000000000000000e+03
-1.268000000000000000e+03
-1.267000000000000000e+03
-1.286000000000000000e+03
-1.286000000000000000e+03
-1.317000000000000000e+03
-1.347000000000000000e+03
-1.377000000000000000e+03
-1.377000000000000000e+03
-1.408000000000000000e+03
-1.406000000000000000e+03
-1.427000000000000000e+03
-1.437000000000000000e+03
-1.457000000000000000e+03
-1.458000000000000000e+03
-1.458000000000000000e+03
-1.457000000000000000e+03
-1.488000000000000000e+03
-1.487000000000000000e+03
-1.507000000000000000e+03
-1.517000000000000000e+03
-1.537000000000000000e+03
-1.567000000000000000e+03
-1.566000000000000000e+03
-1.588000000000000000e+03
-1.587000000000000000e+03
-1.588000000000000000e+03
-1.618000000000000000e+03
-1.618000000000000000e+03
-1.718000000000000000e+03
-1.747000000000000000e+03
-1.766000000000000000e+03
-1.776000000000000000e+03
-1.778000000000000000e+03
-1.798000000000000000e+03
-1.806000000000000000e+03
-1.808000000000000000e+03
-1.807000000000000000e+03
-1.827000000000000000e+03
-1.847000000000000000e+03
-1.877000000000000000e+03
-1.889000000000000000e+03
-1.887000000000000000e+03
-1.887000000000000000e+03
-1.907000000000000000e+03
-1.907000000000000000e+03
-1.917000000000000000e+03
-1.927000000000000000e+03
-1.957000000000000000e+03
-1.975000000000000000e+03
-2.007000000000000000e+03
-2.007000000000000000e+03
-2.038000000000000000e+03
-2.038000000000000000e+03
-2.067000000000000000e+03
-2.066000000000000000e+03
-2.068000000000000000e+03
-2.066000000000000000e+03
-2.096000000000000000e+03
-2.118000000000000000e+03
-2.147000000000000000e+03
-2.147000000000000000e+03
-2.167000000000000000e+03
-2.168000000000000000e+03
-2.178000000000000000e+03
-2.208000000000000000e+03
-2.238000000000000000e+03
-2.268000000000000000e+03
-2.267000000000000000e+03
-2.268000000000000000e+03
0.000000000000000000e+00
