4.000000000000000000e+00
-6.000000000000000000e+00
-1.700000000000000000e+01
-1.600000000000000000e+01
-3.600000000000000000e+01
-3.600000000000000000e+01
-3.600000000000000000e+01
-3.700000000000000000e+01
-5.700000000000000000e+01
-5.700000000000000000e+01
-5.700000000000000000e+01
-5.700000000000000000e+01
-7.700000000000000000e+01
-9.600000000000000000e+01
-9.300000000000000000e+01
-9.400000000000000000e+01
-1.030000000000000000e+02
-1.010000000000000000e+02
-1.220000000000000000e+02
-1.190000000000000000e+02
-1.290000000000000000e+02
-1.250000000000000000e+02
-1.410000000000000000e+02
-1.370000000000000000e+02
-1.320000000000000000e+02
-1.350000000000000000e+02
-1.530000000000000000e+02
-1.580000000000000000e+02
-1.720000000000000000e+02
-1.660000000000000000e+02
-1.670000000000000000e+02
-1.600000000000000000e+02
-1.720000000000000000e+02
-1.620000000000000000e+02
-1.730000000000000000e+02
-1.610000000000000000e+02
-1.560000000000000000e+02
-1.570000000000000000e+02
-1.540000000000000000e+02
-1.420000000000000000e+02
-1.280000000000000000e+02
-1.410000000000000000e+02
-1.270000000000000000e+02
-1.050000000000000000e+02
-1.020000000000000000e+02
-9.300000000000000000e+01
-9.900000000000000000e+01
-9.000000000000000000e+01
-9.000000000000000000e+01
-9.900000000000000000e+01
-9.800000000000000000e+01
-9.000000000000000000e+01
-1.010000000000000000e+02
-9.000000000000000000e+01
-8.200000000000000000e+01
-9.100000000000000000e+01
-8.000000000000000000e+01
-7.000000000000000000e+01
-6.100000000000000000e+01
-5.900000000000000000e+01
-5.000000000000000000e+01
-5.900000000000000000e+01
-4.800000000000000000e+01
-4.600000000000000000e+01
-5.100000000000000000e+01
-6.200000000000000000e+01
-5.000000000000000000e+01
-5.000000000000000000e+01
-3.800000000000000000e+01
-3.700000000000000000e+01
-3.700000000000000000e+01
-2.900000000000000000e+01
-1.200000000000000000e+01
-1.300000000000000000e+01
-1.000000000000000000e+00
-1.200000000000000000e+01
0.000000000000000000e+00
-9.000000000000000000e+00
-1.000000000000000000e+01
-2.500000000000000000e+01
-1.500000000000000000e+01
-3.000000000000000000e+01
-2.300000000000000000e+01
-1.600000000000000000e+01
-2.000000000000000000e+01
-1.100000000000000000e+01
-1.200000000000000000e+01
-7.000000000000000000e+00
-8.000000000000000000e+00
-1.000000000000000000e+00
-1.000000000000000000e+00
8.000000000000000000e+00
6.000000000000000000e+00
-6.000000000000000000e+00
7.000000000000000000e+00
1.200000000000000000e+01
-1.000000000000000000e+00
1.600000000000000000e+01
1.600000000000000000e+01
2.300000000000000000e+01
2.300000000000000000e+01
1.900000000000000000e+01
1.700000000000000000e+01
3.000000000000000000e+00
2.000000000000000000e+00
7.000000000000000000e+00
-5.000000000000000000e+00
2.000000000000000000e+00
-7.000000000000000000e+00
-2.000000000000000000e+00
-3.000000000000000000e+00
4.000000000000000000e+00
1.100000000000000000e+01
-2.000000000000000000e+00
5.000000000000000000e+00
2.300000000000000000e+01
2.600000000000000000e+01
2.400000000000000000e+01
1.300000000000000000e+01
2.200000000000000000e+01
1.700000000000000000e+01
2.700000000000000000e+01
2.300000000000000000e+01
3.100000000000000000e+01
2.900000000000000000e+01
2.300000000000000000e+01
3.000000000000000000e+00
1.000000000000000000e+01
0.000000000000000000e+00
4.000000000000000000e+00
1.100000000000000000e+01
1.000000000000000000e+01
1.900000000000000000e+01
2.800000000000000000e+01
3.800000000000000000e+01
2.300000000000000000e+01
2.900000000000000000e+01
2.600000000000000000e+01
3.800000000000000000e+01
3.600000000000000000e+01
2.400000000000000000e+01
1.900000000000000000e+01
1.400000000000000000e+01
2.000000000000000000e+01
1.500000000000000000e+01
3.200000000000000000e+01
2.700000000000000000e+01
2.600000000000000000e+01
3.600000000000000000e+01
3.500000000000000000e+01
2.300000000000000000e+01
5.000000000000000000e+00
1.300000000000000000e+01
-4.000000000000000000e+00
5.000000000000000000e+00
7.000000000000000000e+00
8.000000000000000000e+00
1.400000000000000000e+01
9.000000000000000000e+00
2.000000000000000000e+01
1.900000000000000000e+01
3.000000000000000000e+01
2.700000000000000000e+01
3.800000000000000000e+01
2.800000000000000000e+01
3.100000000000000000e+01
2.000000000000000000e+01
2.600000000000000000e+01
1.200000000000000000e+01
2.500000000000000000e+01
1.800000000000000000e+01
2.700000000000000000e+01
3.500000000000000000e+01
4.300000000000000000e+01
4.000000000000000000e+01
3.700000000000000000e+01
3.200000000000000000e+01
0.000000000000000000e+00
