-1.700000000000000000e+01
-2.700000000000000000e+01
-4.700000000000000000e+01
-4.800000000000000000e+01
-7.700000000000000000e+01
-7.700000000000000000e+01
-7.800000000000000000e+01
-7.800000000000000000e+01
-1.180000000000000000e+02
-1.170000000000000000e+02
-1.170000000000000000e+02
-1.270000000000000000e+02
-1.450000000000000000e+02
-1.820000000000000000e+02
-1.820000000000000000e+02
-1.770000000000000000e+02
-1.930000000000000000e+02
-1.870000000000000000e+02
-2.150000000000000000e+02
-2.080000000000000000e+02
-2.300000000000000000e+02
-2.180000000000000000e+02
-2.320000000000000000e+02
-2.210000000000000000e+02
-2.250000000000000000e+02
-2.240000000000000000e+02
-2.430000000000000000e+02
-2.630000000000000000e+02
-2.740000000000000000e+02
-2.640000000000000000e+02
-2.840000000000000000e+02
-2.710000000000000000e+02
-2.870000000000000000e+02
-2.770000000000000000e+02
-2.810000000000000000e+02
-2.700000000000000000e+02
-2.840000000000000000e+02
-2.790000000000000000e+02
-2.850000000000000000e+02
-2.680000000000000000e+02
-2.510000000000000000e+02
-2.650000000000000000e+02
-2.440000000000000000e+02
-2.080000000000000000e+02
-2.120000000000000000e+02
-1.940000000000000000e+02
-2.050000000000000000e+02
-1.870000000000000000e+02
-1.970000000000000000e+02
-1.980000000000000000e+02
-2.120000000000000000e+02
-1.890000000000000000e+02
-1.910000000000000000e+02
-1.810000000000000000e+02
-1.640000000000000000e+02
-1.680000000000000000e+02
-1.500000000000000000e+02
-1.440000000000000000e+02
-1.260000000000000000e+02
-1.260000000000000000e+02
-1.100000000000000000e+02
-1.130000000000000000e+02
-9.400000000000000000e+01
-9.800000000000000000e+01
-1.000000000000000000e+02
-1.260000000000000000e+02
-1.120000000000000000e+02
-1.150000000000000000e+02
-9.600000000000000000e+01
-9.300000000000000000e+01
-9.700000000000000000e+01
-7.900000000000000000e+01
-5.500000000000000000e+01
-6.700000000000000000e+01
-5.300000000000000000e+01
-5.800000000000000000e+01
-4.500000000000000000e+01
-7.100000000000000000e+01
-7.800000000000000000e+01
-9.100000000000000000e+01
-7.800000000000000000e+01
-9.400000000000000000e+01
-8.000000000000000000e+01
-6.900000000000000000e+01
-9.000000000000000000e+01
-7.300000000000000000e+01
-7.000000000000000000e+01
-5.900000000000000000e+01
-6.900000000000000000e+01
-5.300000000000000000e+01
-5.100000000000000000e+01
-3.600000000000000000e+01
-5.700000000000000000e+01
-7.200000000000000000e+01
-5.800000000000000000e+01
-4.100000000000000000e+01
-4.900000000000000000e+01
-2.500000000000000000e+01
-4.300000000000000000e+01
-2.900000000000000000e+01
-2.600000000000000000e+01
-2.400000000000000000e+01
-4.200000000000000000e+01
-4.800000000000000000e+01
-6.500000000000000000e+01
-5.800000000000000000e+01
-7.200000000000000000e+01
-6.000000000000000000e+01
-8.100000000000000000e+01
-6.700000000000000000e+01
-7.400000000000000000e+01
-6.500000000000000000e+01
-6.300000000000000000e+01
-6.700000000000000000e+01
-5.900000000000000000e+01
-3.400000000000000000e+01
-5.200000000000000000e+01
-6.100000000000000000e+01
-6.900000000000000000e+01
-6.400000000000000000e+01
-7.100000000000000000e+01
-6.200000000000000000e+01
-6.000000000000000000e+01
-4.100000000000000000e+01
-5.200000000000000000e+01
-6.100000000000000000e+01
-8.100000000000000000e+01
-6.700000000000000000e+01
-8.700000000000000000e+01
-7.400000000000000000e+01
-6.200000000000000000e+01
-7.800000000000000000e+01
-6.500000000000000000e+01
-5.600000000000000000e+01
-4.100000000000000000e+01
-4.700000000000000000e+01
-3.700000000000000000e+01
-4.400000000000000000e+01
-2.800000000000000000e+01
-4.600000000000000000e+01
-5.800000000000000000e+01
-6.500000000000000000e+01
-7.500000000000000000e+01
-6.500000000000000000e+01
-6.000000000000000000e+01
-2.900000000000000000e+01
-3.500000000000000000e+01
-4.000000000000000000e+01
-3.100000000000000000e+01
-5.000000000000000000e+01
-6.500000000000000000e+01
-8.800000000000000000e+01
-7.700000000000000000e+01
-9.400000000000000000e+01
-8.000000000000000000e+01
-6.800000000000000000e+01
-7.300000000000000000e+01
-6.200000000000000000e+01
-6.100000000000000000e+01
-4.900000000000000000e+01
-4.800000000000000000e+01
-4.700000000000000000e+01
-5.300000000000000000e+01
-4.100000000000000000e+01
-5.900000000000000000e+01
-6.700000000000000000e+01
-8.600000000000000000e+01
-7.300000000000000000e+01
-9.200000000000000000e+01
-7.000000000000000000e+01
-8.000000000000000000e+01
-6.500000000000000000e+01
-6.800000000000000000e+01
-5.600000000000000000e+01
-6.000000000000000000e+01
-5.100000000000000000e+01
-6.000000000000000000e+01
0.000000000000000000e+00
