-1.100000000000000000e+01
-1.100000000000000000e+01
-1.100000000000000000e+01
-2.300000000000000000e+01
-4.000000000000000000e+01
-4.000000000000000000e+01
-6.000000000000000000e+01
-6.100000000000000000e+01
-9.200000000000000000e+01
-9.200000000000000000e+01
-1.210000000000000000e+02
-1.210000000000000000e+02
-1.520000000000000000e+02
-1.780000000000000000e+02
-1.770000000000000000e+02
-1.720000000000000000e+02
-1.670000000000000000e+02
-1.860000000000000000e+02
-1.890000000000000000e+02
-2.130000000000000000e+02
-2.360000000000000000e+02
-2.280000000000000000e+02
-2.120000000000000000e+02
-2.340000000000000000e+02
-2.250000000000000000e+02
-2.210000000000000000e+02
-2.170000000000000000e+02
-2.260000000000000000e+02
-2.470000000000000000e+02
-2.620000000000000000e+02
-2.460000000000000000e+02
-2.500000000000000000e+02
-2.450000000000000000e+02
-2.480000000000000000e+02
-2.430000000000000000e+02
-2.240000000000000000e+02
-2.250000000000000000e+02
-2.140000000000000000e+02
-1.950000000000000000e+02
-1.780000000000000000e+02
-1.750000000000000000e+02
-1.560000000000000000e+02
-1.570000000000000000e+02
-1.300000000000000000e+02
-1.400000000000000000e+02
-1.400000000000000000e+02
-1.100000000000000000e+02
-1.030000000000000000e+02
-7.500000000000000000e+01
-6.100000000000000000e+01
-3.100000000000000000e+01
-3.500000000000000000e+01
-6.000000000000000000e+00
1.000000000000000000e+01
3.600000000000000000e+01
2.800000000000000000e+01
2.600000000000000000e+01
2.800000000000000000e+01
4.200000000000000000e+01
4.500000000000000000e+01
6.400000000000000000e+01
5.500000000000000000e+01
7.300000000000000000e+01
9.400000000000000000e+01
8.100000000000000000e+01
9.800000000000000000e+01
1.070000000000000000e+02
1.220000000000000000e+02
1.200000000000000000e+02
1.200000000000000000e+02
1.340000000000000000e+02
1.260000000000000000e+02
1.390000000000000000e+02
1.240000000000000000e+02
1.360000000000000000e+02
1.280000000000000000e+02
1.350000000000000000e+02
1.150000000000000000e+02
1.230000000000000000e+02
1.030000000000000000e+02
1.070000000000000000e+02
8.600000000000000000e+01
9.100000000000000000e+01
6.600000000000000000e+01
7.200000000000000000e+01
4.400000000000000000e+01
4.900000000000000000e+01
5.700000000000000000e+01
3.000000000000000000e+01
3.500000000000000000e+01
4.300000000000000000e+01
2.900000000000000000e+01
2.400000000000000000e+01
2.000000000000000000e+00
-1.000000000000000000e+01
-1.000000000000000000e+00
-2.400000000000000000e+01
-1.400000000000000000e+01
-4.000000000000000000e+01
-3.100000000000000000e+01
-5.300000000000000000e+01
-4.100000000000000000e+01
-3.100000000000000000e+01
-5.200000000000000000e+01
-3.900000000000000000e+01
-2.400000000000000000e+01
-1.200000000000000000e+01
-2.900000000000000000e+01
-1.400000000000000000e+01
-2.000000000000000000e+01
-4.000000000000000000e+00
-1.200000000000000000e+01
-2.800000000000000000e+01
-2.300000000000000000e+01
-1.000000000000000000e+01
-1.600000000000000000e+01
-2.000000000000000000e+00
-5.000000000000000000e+00
8.000000000000000000e+00
-1.000000000000000000e+01
-1.800000000000000000e+01
-1.300000000000000000e+01
1.000000000000000000e+00
1.500000000000000000e+01
-2.000000000000000000e+00
1.100000000000000000e+01
2.000000000000000000e+00
1.800000000000000000e+01
1.000000000000000000e+01
-5.000000000000000000e+00
9.000000000000000000e+00
2.400000000000000000e+01
1.300000000000000000e+01
2.500000000000000000e+01
1.300000000000000000e+01
2.200000000000000000e+01
5.000000000000000000e+00
-3.000000000000000000e+00
-2.000000000000000000e+01
-7.000000000000000000e+00
-2.900000000000000000e+01
-1.600000000000000000e+01
-8.000000000000000000e+00
4.000000000000000000e+00
-1.400000000000000000e+01
-2.700000000000000000e+01
-4.400000000000000000e+01
-3.200000000000000000e+01
-4.100000000000000000e+01
-2.800000000000000000e+01
-1.200000000000000000e+01
-7.000000000000000000e+00
-1.400000000000000000e+01
2.000000000000000000e+00
-6.000000000000000000e+00
1.100000000000000000e+01
-4.000000000000000000e+00
5.000000000000000000e+00
-9.000000000000000000e+00
5.000000000000000000e+00
-1.000000000000000000e+01
8.000000000000000000e+00
1.900000000000000000e+01
1.200000000000000000e+01
2.500000000000000000e+01
7.000000000000000000e+00
1.600000000000000000e+01
3.000000000000000000e+00
1.300000000000000000e+01
3.000000000000000000e+00
1.900000000000000000e+01
6.000000000000000000e+00
1.500000000000000000e+01
-3.000000000000000000e+00
1.200000000000000000e+01
-1.000000000000000000e+01
4.000000000000000000e+00
2.000000000000000000e+01
0.000000000000000000e+00
1.200000000000000000e+01
2.700000000000000000e+01
1.400000000000000000e+01
2.300000000000000000e+01
1.600000000000000000e+01
2.000000000000000000e+00
3.000000000000000000e+00
-3.000000000000000000e+00
1.000000000000000000e+01
3.600000000000000000e+01
1.600000000000000000e+01
2.900000000000000000e+01
1.900000000000000000e+01
3.200000000000000000e+01
1.200000000000000000e+01
0.000000000000000000e+00
