-1.800000000000000000e+01
-2.800000000000000000e+01
-3.800000000000000000e+01
-3.800000000000000000e+01
-5.800000000000000000e+01
-5.800000000000000000e+01
-5.700000000000000000e+01
-8.800000000000000000e+01
-1.080000000000000000e+02
-1.370000000000000000e+02
-1.380000000000000000e+02
-1.760000000000000000e+02
-1.930000000000000000e+02
-2.010000000000000000e+02
-2.360000000000000000e+02
-2.480000000000000000e+02
-2.430000000000000000e+02
-2.370000000000000000e+02
-2.590000000000000000e+02
-2.540000000000000000e+02
-2.440000000000000000e+02
-2.660000000000000000e+02
-2.570000000000000000e+02
-2.780000000000000000e+02
-2.690000000000000000e+02
-2.850000000000000000e+02
-2.770000000000000000e+02
-2.840000000000000000e+02
-2.710000000000000000e+02
-2.980000000000000000e+02
-2.860000000000000000e+02
-2.900000000000000000e+02
-2.810000000000000000e+02
-2.630000000000000000e+02
-2.890000000000000000e+02
-2.740000000000000000e+02
-2.580000000000000000e+02
-2.610000000000000000e+02
-2.560000000000000000e+02
-2.650000000000000000e+02
-2.770000000000000000e+02
-2.560000000000000000e+02
-2.690000000000000000e+02
-2.490000000000000000e+02
-2.530000000000000000e+02
-2.330000000000000000e+02
-2.430000000000000000e+02
-2.190000000000000000e+02
-2.150000000000000000e+02
-1.790000000000000000e+02
-1.750000000000000000e+02
-1.540000000000000000e+02
-1.370000000000000000e+02
-1.070000000000000000e+02
-9.800000000000000000e+01
-8.100000000000000000e+01
-7.400000000000000000e+01
-4.600000000000000000e+01
-4.700000000000000000e+01
-2.600000000000000000e+01
-3.000000000000000000e+01
-6.000000000000000000e+00
-1.200000000000000000e+01
-2.100000000000000000e+01
1.000000000000000000e+00
2.400000000000000000e+01
4.400000000000000000e+01
3.400000000000000000e+01
5.400000000000000000e+01
7.300000000000000000e+01
8.100000000000000000e+01
6.600000000000000000e+01
5.200000000000000000e+01
3.800000000000000000e+01
5.200000000000000000e+01
4.800000000000000000e+01
6.200000000000000000e+01
3.500000000000000000e+01
4.300000000000000000e+01
2.400000000000000000e+01
3.700000000000000000e+01
2.100000000000000000e+01
3.200000000000000000e+01
3.900000000000000000e+01
1.800000000000000000e+01
2.600000000000000000e+01
3.500000000000000000e+01
4.600000000000000000e+01
2.600000000000000000e+01
4.000000000000000000e+01
3.100000000000000000e+01
4.000000000000000000e+01
2.300000000000000000e+01
4.000000000000000000e+00
1.300000000000000000e+01
-7.000000000000000000e+00
7.000000000000000000e+00
2.600000000000000000e+01
1.000000000000000000e+01
2.100000000000000000e+01
0.000000000000000000e+00
1.300000000000000000e+01
-6.000000000000000000e+00
-2.600000000000000000e+01
-4.200000000000000000e+01
-3.100000000000000000e+01
-1.800000000000000000e+01
-1.800000000000000000e+01
-4.000000000000000000e+01
-2.400000000000000000e+01
-1.300000000000000000e+01
-3.000000000000000000e+00
-8.000000000000000000e+00
-1.700000000000000000e+01
-4.400000000000000000e+01
-3.300000000000000000e+01
-4.700000000000000000e+01
-3.500000000000000000e+01
-4.900000000000000000e+01
-3.300000000000000000e+01
-1.600000000000000000e+01
-3.400000000000000000e+01
-2.300000000000000000e+01
-1.000000000000000000e+01
5.000000000000000000e+00
-9.000000000000000000e+00
5.000000000000000000e+00
-2.000000000000000000e+00
1.300000000000000000e+01
5.000000000000000000e+00
-8.000000000000000000e+00
-2.500000000000000000e+01
-9.000000000000000000e+00
-2.300000000000000000e+01
-1.000000000000000000e+01
-9.000000000000000000e+00
-1.800000000000000000e+01
-3.000000000000000000e+00
1.100000000000000000e+01
9.000000000000000000e+00
1.400000000000000000e+01
4.000000000000000000e+00
1.700000000000000000e+01
2.000000000000000000e+00
-6.000000000000000000e+00
-2.200000000000000000e+01
-3.000000000000000000e+01
-3.200000000000000000e+01
-4.800000000000000000e+01
-3.700000000000000000e+01
-1.500000000000000000e+01
-2.000000000000000000e+00
-2.300000000000000000e+01
-1.000000000000000000e+01
1.000000000000000000e+00
4.000000000000000000e+00
-1.300000000000000000e+01
-2.600000000000000000e+01
-3.300000000000000000e+01
-2.100000000000000000e+01
-3.800000000000000000e+01
-2.400000000000000000e+01
-4.300000000000000000e+01
-3.300000000000000000e+01
-4.900000000000000000e+01
-3.500000000000000000e+01
-5.700000000000000000e+01
-4.500000000000000000e+01
-5.900000000000000000e+01
-4.900000000000000000e+01
-3.500000000000000000e+01
-5.200000000000000000e+01
-3.400000000000000000e+01
-7.000000000000000000e+00
-1.200000000000000000e+01
4.000000000000000000e+00
-9.000000000000000000e+00
7.000000000000000000e+00
2.000000000000000000e+00
-1.500000000000000000e+01
-3.100000000000000000e+01
-1.400000000000000000e+01
-2.100000000000000000e+01
-6.000000000000000000e+00
-2.200000000000000000e+01
2.600000000000000000e+01
2.200000000000000000e+01
3.600000000000000000e+01
2.000000000000000000e+01
3.500000000000000000e+01
2.900000000000000000e+01
0.000000000000000000e+00
