-1.800000000000000000e+01
-1.800000000000000000e+01
-2.800000000000000000e+01
-5.800000000000000000e+01
-5.700000000000000000e+01
-8.800000000000000000e+01
-1.280000000000000000e+02
-1.280000000000000000e+02
-1.680000000000000000e+02
-1.680000000000000000e+02
-1.980000000000000000e+02
-1.980000000000000000e+02
-2.280000000000000000e+02
-2.370000000000000000e+02
-2.680000000000000000e+02
-2.680000000000000000e+02
-2.970000000000000000e+02
-2.980000000000000000e+02
-3.080000000000000000e+02
-3.380000000000000000e+02
-3.390000000000000000e+02
-3.710000000000000000e+02
-3.880000000000000000e+02
-4.160000000000000000e+02
-4.520000000000000000e+02
-4.520000000000000000e+02
-4.700000000000000000e+02
-4.680000000000000000e+02
-4.980000000000000000e+02
-4.850000000000000000e+02
-5.160000000000000000e+02
-5.160000000000000000e+02
-5.010000000000000000e+02
-5.280000000000000000e+02
-4.990000000000000000e+02
-5.160000000000000000e+02
-5.050000000000000000e+02
-5.250000000000000000e+02
-5.120000000000000000e+02
-5.430000000000000000e+02
-5.520000000000000000e+02
-5.920000000000000000e+02
-5.920000000000000000e+02
-6.220000000000000000e+02
-6.220000000000000000e+02
-6.620000000000000000e+02
-5.980000000000000000e+02
-5.980000000000000000e+02
-5.730000000000000000e+02
-5.730000000000000000e+02
-5.730000000000000000e+02
-5.730000000000000000e+02
-5.730000000000000000e+02
-5.600000000000000000e+02
-6.000000000000000000e+02
-6.400000000000000000e+02
-6.460000000000000000e+02
-6.370000000000000000e+02
-6.370000000000000000e+02
-6.370000000000000000e+02
-6.670000000000000000e+02
-6.670000000000000000e+02
-6.670000000000000000e+02
-6.970000000000000000e+02
-7.070000000000000000e+02
-7.370000000000000000e+02
-7.370000000000000000e+02
-7.670000000000000000e+02
-7.770000000000000000e+02
-8.070000000000000000e+02
-8.070000000000000000e+02
-6.590000000000000000e+02
-6.480000000000000000e+02
-6.650000000000000000e+02
-6.750000000000000000e+02
-7.050000000000000000e+02
-6.670000000000000000e+02
-6.870000000000000000e+02
-6.870000000000000000e+02
-6.480000000000000000e+02
-6.540000000000000000e+02
-6.670000000000000000e+02
-6.670000000000000000e+02
-7.070000000000000000e+02
-7.070000000000000000e+02
-7.470000000000000000e+02
-8.270000000000000000e+02
-8.570000000000000000e+02
-8.970000000000000000e+02
-8.040000000000000000e+02
-7.780000000000000000e+02
-7.780000000000000000e+02
-7.540000000000000000e+02
-7.840000000000000000e+02
-7.940000000000000000e+02
-7.940000000000000000e+02
-7.440000000000000000e+02
-7.440000000000000000e+02
-7.440000000000000000e+02
-7.540000000000000000e+02
-7.840000000000000000e+02
-7.840000000000000000e+02
-8.140000000000000000e+02
-8.140000000000000000e+02
-8.540000000000000000e+02
-8.540000000000000000e+02
-8.840000000000000000e+02
-8.940000000000000000e+02
-9.140000000000000000e+02
-9.240000000000000000e+02
-9.540000000000000000e+02
-9.540000000000000000e+02
-9.540000000000000000e+02
-9.940000000000000000e+02
-9.940000000000000000e+02
-9.940000000000000000e+02
-1.014000000000000000e+03
-1.044000000000000000e+03
-1.074000000000000000e+03
-1.114000000000000000e+03
-1.114000000000000000e+03
-1.144000000000000000e+03
-1.154000000000000000e+03
-1.154000000000000000e+03
-7.860000000000000000e+02
-8.220000000000000000e+02
-8.220000000000000000e+02
-8.520000000000000000e+02
-8.520000000000000000e+02
-8.300000000000000000e+02
-8.260000000000000000e+02
-8.000000000000000000e+02
-8.290000000000000000e+02
-8.140000000000000000e+02
-8.080000000000000000e+02
-7.940000000000000000e+02
-8.220000000000000000e+02
-8.390000000000000000e+02
-8.480000000000000000e+02
-8.590000000000000000e+02
-8.810000000000000000e+02
-8.540000000000000000e+02
-8.750000000000000000e+02
-8.730000000000000000e+02
-9.000000000000000000e+02
-8.790000000000000000e+02
-8.540000000000000000e+02
-8.680000000000000000e+02
-8.730000000000000000e+02
-8.460000000000000000e+02
-8.350000000000000000e+02
-8.630000000000000000e+02
-8.480000000000000000e+02
-8.560000000000000000e+02
-8.410000000000000000e+02
-8.630000000000000000e+02
-8.530000000000000000e+02
-8.680000000000000000e+02
-8.660000000000000000e+02
-8.690000000000000000e+02
-8.920000000000000000e+02
-8.740000000000000000e+02
-8.840000000000000000e+02
-9.140000000000000000e+02
-9.020000000000000000e+02
-8.960000000000000000e+02
-8.740000000000000000e+02
-8.960000000000000000e+02
-8.890000000000000000e+02
-8.830000000000000000e+02
-8.690000000000000000e+02
-8.910000000000000000e+02
-9.080000000000000000e+02
-9.360000000000000000e+02
-9.210000000000000000e+02
-9.430000000000000000e+02
-9.220000000000000000e+02
-9.490000000000000000e+02
-9.270000000000000000e+02
-9.250000000000000000e+02
-9.100000000000000000e+02
-8.980000000000000000e+02
-9.020000000000000000e+02
-8.910000000000000000e+02
-9.070000000000000000e+02
-9.010000000000000000e+02
-9.170000000000000000e+02
-9.400000000000000000e+02
-9.510000000000000000e+02
-9.400000000000000000e+02
-9.720000000000000000e+02
-9.620000000000000000e+02
-9.670000000000000000e+02
-9.550000000000000000e+02
-9.670000000000000000e+02
-9.380000000000000000e+02
-9.260000000000000000e+02
-9.420000000000000000e+02
-9.330000000000000000e+02
-9.420000000000000000e+02
-9.340000000000000000e+02
-9.470000000000000000e+02
-9.690000000000000000e+02
-9.920000000000000000e+02
-9.830000000000000000e+02
-9.750000000000000000e+02
-9.830000000000000000e+02
-9.750000000000000000e+02
-9.690000000000000000e+02
-9.570000000000000000e+02
-9.690000000000000000e+02
-9.790000000000000000e+02
-9.950000000000000000e+02
-9.790000000000000000e+02
-1.008000000000000000e+03
-9.930000000000000000e+02
-9.810000000000000000e+02
-9.640000000000000000e+02
-9.860000000000000000e+02
-9.850000000000000000e+02
-1.005000000000000000e+03
-9.870000000000000000e+02
-9.780000000000000000e+02
-9.910000000000000000e+02
-9.790000000000000000e+02
-9.910000000000000000e+02
-9.740000000000000000e+02
-9.910000000000000000e+02
-1.010000000000000000e+03
-1.008000000000000000e+03
-9.910000000000000000e+02
-1.005000000000000000e+03
-9.900000000000000000e+02
-1.007000000000000000e+03
-9.940000000000000000e+02
-1.017000000000000000e+03
-1.005000000000000000e+03
-9.910000000000000000e+02
-1.005000000000000000e+03
-1.003000000000000000e+03
-1.018000000000000000e+03
-1.046000000000000000e+03
-1.037000000000000000e+03
-1.058000000000000000e+03
-1.058000000000000000e+03
-1.046000000000000000e+03
-1.059000000000000000e+03
-1.040000000000000000e+03
-1.026000000000000000e+03
-1.015000000000000000e+03
-1.043000000000000000e+03
-1.031000000000000000e+03
-1.027000000000000000e+03
-1.017000000000000000e+03
-1.035000000000000000e+03
-1.061000000000000000e+03
-1.077000000000000000e+03
-1.066000000000000000e+03
-1.084000000000000000e+03
-1.063000000000000000e+03
-1.082000000000000000e+03
-1.082000000000000000e+03
-1.061000000000000000e+03
-1.049000000000000000e+03
-1.062000000000000000e+03
-1.069000000000000000e+03
-1.085000000000000000e+03
-1.073000000000000000e+03
-1.098000000000000000e+03
-1.066000000000000000e+03
-1.053000000000000000e+03
-1.071000000000000000e+03
-1.064000000000000000e+03
-1.079000000000000000e+03
-1.058000000000000000e+03
-1.073000000000000000e+03
-1.093000000000000000e+03
-1.121000000000000000e+03
-1.108000000000000000e+03
-1.123000000000000000e+03
-1.086000000000000000e+03
-1.114000000000000000e+03
-1.095000000000000000e+03
-1.084000000000000000e+03
-1.087000000000000000e+03
-1.086000000000000000e+03
-1.084000000000000000e+03
-1.070000000000000000e+03
0.000000000000000000e+00
