3.000000000000000000e+00
2.000000000000000000e+00
-7.000000000000000000e+00
-1.600000000000000000e+01
-3.700000000000000000e+01
-3.800000000000000000e+01
-4.600000000000000000e+01
-4.700000000000000000e+01
-6.700000000000000000e+01
-6.600000000000000000e+01
-7.700000000000000000e+01
-7.600000000000000000e+01
-8.700000000000000000e+01
-8.700000000000000000e+01
-1.070000000000000000e+02
-1.070000000000000000e+02
-1.070000000000000000e+02
-1.160000000000000000e+02
-1.170000000000000000e+02
-1.160000000000000000e+02
-1.270000000000000000e+02
-1.370000000000000000e+02
-1.370000000000000000e+02
-1.480000000000000000e+02
-1.480000000000000000e+02
-1.570000000000000000e+02
-1.770000000000000000e+02
-1.870000000000000000e+02
-1.880000000000000000e+02
-1.980000000000000000e+02
-2.070000000000000000e+02
-2.070000000000000000e+02
-2.160000000000000000e+02
-2.160000000000000000e+02
-2.170000000000000000e+02
-2.270000000000000000e+02
-2.470000000000000000e+02
-2.470000000000000000e+02
-2.570000000000000000e+02
-2.570000000000000000e+02
-2.580000000000000000e+02
-2.760000000000000000e+02
-2.770000000000000000e+02
-2.870000000000000000e+02
-2.880000000000000000e+02
-2.970000000000000000e+02
-3.180000000000000000e+02
-3.170000000000000000e+02
-3.160000000000000000e+02
-3.360000000000000000e+02
-3.370000000000000000e+02
-3.370000000000000000e+02
-3.370000000000000000e+02
-3.580000000000000000e+02
-3.670000000000000000e+02
-3.870000000000000000e+02
-3.870000000000000000e+02
-3.970000000000000000e+02
-3.970000000000000000e+02
-3.970000000000000000e+02
-4.070000000000000000e+02
-4.170000000000000000e+02
-4.160000000000000000e+02
-4.170000000000000000e+02
-4.270000000000000000e+02
-4.280000000000000000e+02
-4.370000000000000000e+02
-4.380000000000000000e+02
-4.470000000000000000e+02
-4.480000000000000000e+02
-4.660000000000000000e+02
-4.670000000000000000e+02
-4.770000000000000000e+02
-4.770000000000000000e+02
-5.270000000000000000e+02
-5.360000000000000000e+02
-5.460000000000000000e+02
-5.680000000000000000e+02
-5.660000000000000000e+02
-5.770000000000000000e+02
-5.770000000000000000e+02
-5.770000000000000000e+02
-5.770000000000000000e+02
-5.970000000000000000e+02
-5.960000000000000000e+02
-5.970000000000000000e+02
-6.070000000000000000e+02
-6.070000000000000000e+02
-6.170000000000000000e+02
-6.170000000000000000e+02
-6.360000000000000000e+02
-6.370000000000000000e+02
-6.480000000000000000e+02
-6.470000000000000000e+02
-6.670000000000000000e+02
-6.670000000000000000e+02
-6.670000000000000000e+02
-6.770000000000000000e+02
-6.870000000000000000e+02
-6.870000000000000000e+02
-6.970000000000000000e+02
-6.970000000000000000e+02
0.000000000000000000e+00
