-1.100000000000000000e+01
-1.200000000000000000e+01
-3.000000000000000000e+01
-6.200000000000000000e+01
-9.100000000000000000e+01
-9.400000000000000000e+01
-1.130000000000000000e+02
-1.210000000000000000e+02
-1.510000000000000000e+02
-1.530000000000000000e+02
-1.710000000000000000e+02
-1.730000000000000000e+02
-2.010000000000000000e+02
-2.030000000000000000e+02
-2.310000000000000000e+02
-2.310000000000000000e+02
-2.330000000000000000e+02
-2.640000000000000000e+02
-2.630000000000000000e+02
-2.630000000000000000e+02
-2.610000000000000000e+02
-2.920000000000000000e+02
-2.910000000000000000e+02
-3.110000000000000000e+02
-3.120000000000000000e+02
-3.430000000000000000e+02
-3.710000000000000000e+02
-3.930000000000000000e+02
-3.920000000000000000e+02
-4.220000000000000000e+02
-4.310000000000000000e+02
-4.310000000000000000e+02
-4.530000000000000000e+02
-4.510000000000000000e+02
-4.510000000000000000e+02
-4.810000000000000000e+02
-5.130000000000000000e+02
-5.110000000000000000e+02
-5.410000000000000000e+02
-5.430000000000000000e+02
-5.410000000000000000e+02
-5.740000000000000000e+02
-5.730000000000000000e+02
-6.010000000000000000e+02
-6.030000000000000000e+02
-6.210000000000000000e+02
-6.510000000000000000e+02
-6.630000000000000000e+02
-6.630000000000000000e+02
-6.930000000000000000e+02
-6.910000000000000000e+02
-6.900000000000000000e+02
-6.930000000000000000e+02
-7.310000000000000000e+02
-7.610000000000000000e+02
-7.830000000000000000e+02
-7.810000000000000000e+02
-8.110000000000000000e+02
-8.100000000000000000e+02
-8.230000000000000000e+02
-8.430000000000000000e+02
-8.500000000000000000e+02
-8.500000000000000000e+02
-8.510000000000000000e+02
-8.610000000000000000e+02
-8.710000000000000000e+02
-8.910000000000000000e+02
-8.910000000000000000e+02
-9.210000000000000000e+02
-9.210000000000000000e+02
-9.430000000000000000e+02
-9.410000000000000000e+02
-9.730000000000000000e+02
-9.720000000000000000e+02
-1.071000000000000000e+03
-1.093000000000000000e+03
-1.113000000000000000e+03
-1.142000000000000000e+03
-1.143000000000000000e+03
-1.173000000000000000e+03
-1.181000000000000000e+03
-1.181000000000000000e+03
-1.181000000000000000e+03
-1.203000000000000000e+03
-1.203000000000000000e+03
-1.201000000000000000e+03
-1.221000000000000000e+03
-1.221000000000000000e+03
-1.250000000000000000e+03
-1.263000000000000000e+03
-1.283000000000000000e+03
-1.291000000000000000e+03
-1.311000000000000000e+03
-1.310000000000000000e+03
-1.340000000000000000e+03
-1.340000000000000000e+03
-1.341000000000000000e+03
-1.363000000000000000e+03
-1.371000000000000000e+03
-1.371000000000000000e+03
-1.393000000000000000e+03
-1.403000000000000000e+03
0.000000000000000000e+00
