4.000000000000000000e+00
4.000000000000000000e+00
5.000000000000000000e+00
-6.000000000000000000e+00
-4.000000000000000000e+00
-5.000000000000000000e+00
-1.500000000000000000e+01
-1.500000000000000000e+01
-1.500000000000000000e+01
-1.600000000000000000e+01
-2.500000000000000000e+01
-2.600000000000000000e+01
-2.600000000000000000e+01
-2.000000000000000000e+01
-2.800000000000000000e+01
-3.500000000000000000e+01
-3.200000000000000000e+01
-4.100000000000000000e+01
-3.700000000000000000e+01
-3.600000000000000000e+01
-3.200000000000000000e+01
-3.100000000000000000e+01
-3.000000000000000000e+01
-3.600000000000000000e+01
-4.400000000000000000e+01
-3.900000000000000000e+01
-4.000000000000000000e+01
-3.000000000000000000e+01
-3.700000000000000000e+01
-3.600000000000000000e+01
-3.800000000000000000e+01
-3.400000000000000000e+01
-2.900000000000000000e+01
-2.500000000000000000e+01
-3.000000000000000000e+01
-3.300000000000000000e+01
-2.400000000000000000e+01
-2.200000000000000000e+01
-2.500000000000000000e+01
-2.200000000000000000e+01
-1.800000000000000000e+01
-2.500000000000000000e+01
-3.100000000000000000e+01
-2.700000000000000000e+01
-2.000000000000000000e+01
-2.500000000000000000e+01
-2.200000000000000000e+01
-1.600000000000000000e+01
-2.200000000000000000e+01
-1.800000000000000000e+01
-9.000000000000000000e+00
-8.000000000000000000e+00
-1.500000000000000000e+01
-2.400000000000000000e+01
-2.100000000000000000e+01
-2.200000000000000000e+01
-2.300000000000000000e+01
-3.500000000000000000e+01
-3.600000000000000000e+01
-4.600000000000000000e+01
-4.900000000000000000e+01
-4.900000000000000000e+01
-5.000000000000000000e+01
-5.900000000000000000e+01
-5.900000000000000000e+01
-6.000000000000000000e+01
-6.000000000000000000e+01
-7.400000000000000000e+01
-8.500000000000000000e+01
-9.800000000000000000e+01
-1.010000000000000000e+02
-1.040000000000000000e+02
-1.110000000000000000e+02
-1.250000000000000000e+02
-1.270000000000000000e+02
-1.390000000000000000e+02
-1.420000000000000000e+02
-1.550000000000000000e+02
-1.650000000000000000e+02
-1.760000000000000000e+02
-1.750000000000000000e+02
-1.840000000000000000e+02
-1.840000000000000000e+02
-1.810000000000000000e+02
-1.870000000000000000e+02
-1.830000000000000000e+02
-1.830000000000000000e+02
-1.730000000000000000e+02
-1.810000000000000000e+02
-1.710000000000000000e+02
-1.750000000000000000e+02
-1.670000000000000000e+02
-1.640000000000000000e+02
-1.630000000000000000e+02
-1.620000000000000000e+02
-1.510000000000000000e+02
-1.530000000000000000e+02
-1.380000000000000000e+02
-1.330000000000000000e+02
-1.190000000000000000e+02
-1.140000000000000000e+02
-9.700000000000000000e+01
-9.200000000000000000e+01
-7.200000000000000000e+01
-6.500000000000000000e+01
-2.700000000000000000e+01
-1.900000000000000000e+01
-4.000000000000000000e+00
1.400000000000000000e+01
2.500000000000000000e+01
2.800000000000000000e+01
4.700000000000000000e+01
6.200000000000000000e+01
6.700000000000000000e+01
1.160000000000000000e+02
1.340000000000000000e+02
1.470000000000000000e+02
1.470000000000000000e+02
1.440000000000000000e+02
1.350000000000000000e+02
1.400000000000000000e+02
1.410000000000000000e+02
1.290000000000000000e+02
1.170000000000000000e+02
1.180000000000000000e+02
1.170000000000000000e+02
1.070000000000000000e+02
9.400000000000000000e+01
6.100000000000000000e+01
3.500000000000000000e+01
3.100000000000000000e+01
3.000000000000000000e+01
1.000000000000000000e+01
-3.000000000000000000e+00
-2.100000000000000000e+01
-2.000000000000000000e+01
-2.600000000000000000e+01
-1.600000000000000000e+01
-2.100000000000000000e+01
-2.200000000000000000e+01
-1.300000000000000000e+01
-1.400000000000000000e+01
-1.000000000000000000e+00
-8.000000000000000000e+00
1.400000000000000000e+01
1.000000000000000000e+01
2.300000000000000000e+01
2.600000000000000000e+01
3.800000000000000000e+01
3.300000000000000000e+01
4.300000000000000000e+01
3.600000000000000000e+01
4.700000000000000000e+01
4.500000000000000000e+01
5.100000000000000000e+01
5.300000000000000000e+01
5.200000000000000000e+01
5.700000000000000000e+01
4.500000000000000000e+01
4.200000000000000000e+01
1.900000000000000000e+01
2.500000000000000000e+01
1.200000000000000000e+01
2.200000000000000000e+01
2.400000000000000000e+01
1.600000000000000000e+01
-3.000000000000000000e+00
-2.400000000000000000e+01
-3.700000000000000000e+01
-5.700000000000000000e+01
-5.800000000000000000e+01
-5.900000000000000000e+01
-5.900000000000000000e+01
-7.900000000000000000e+01
-7.500000000000000000e+01
-7.800000000000000000e+01
-7.500000000000000000e+01
-1.010000000000000000e+02
-1.140000000000000000e+02
-1.340000000000000000e+02
-1.230000000000000000e+02
-1.250000000000000000e+02
-1.160000000000000000e+02
-1.340000000000000000e+02
-1.250000000000000000e+02
-1.370000000000000000e+02
-1.250000000000000000e+02
-1.380000000000000000e+02
-1.270000000000000000e+02
-1.190000000000000000e+02
-1.390000000000000000e+02
-1.320000000000000000e+02
0.000000000000000000e+00
