-1.000000000000000000e+01
-1.000000000000000000e+01
-2.800000000000000000e+01
-6.000000000000000000e+01
-6.000000000000000000e+01
-9.000000000000000000e+01
-1.200000000000000000e+02
-1.210000000000000000e+02
-1.200000000000000000e+02
-1.300000000000000000e+02
-1.500000000000000000e+02
-1.500000000000000000e+02
-1.710000000000000000e+02
-1.680000000000000000e+02
-1.960000000000000000e+02
-2.290000000000000000e+02
-2.550000000000000000e+02
-2.640000000000000000e+02
-2.530000000000000000e+02
-2.480000000000000000e+02
-2.440000000000000000e+02
-2.530000000000000000e+02
-2.670000000000000000e+02
-2.860000000000000000e+02
-3.030000000000000000e+02
-2.960000000000000000e+02
-3.110000000000000000e+02
-2.890000000000000000e+02
-3.030000000000000000e+02
-3.080000000000000000e+02
-3.040000000000000000e+02
-2.910000000000000000e+02
-2.710000000000000000e+02
-2.810000000000000000e+02
-2.710000000000000000e+02
-2.880000000000000000e+02
-2.620000000000000000e+02
-1.940000000000000000e+02
-1.750000000000000000e+02
-1.660000000000000000e+02
-1.340000000000000000e+02
-1.350000000000000000e+02
-1.420000000000000000e+02
-1.370000000000000000e+02
-9.700000000000000000e+01
-8.600000000000000000e+01
-5.000000000000000000e+01
-2.900000000000000000e+01
-2.200000000000000000e+01
1.200000000000000000e+01
3.400000000000000000e+01
6.900000000000000000e+01
7.000000000000000000e+01
9.000000000000000000e+01
1.240000000000000000e+02
1.420000000000000000e+02
1.690000000000000000e+02
1.740000000000000000e+02
1.800000000000000000e+02
1.740000000000000000e+02
1.990000000000000000e+02
2.100000000000000000e+02
2.360000000000000000e+02
2.260000000000000000e+02
2.500000000000000000e+02
2.610000000000000000e+02
2.760000000000000000e+02
2.670000000000000000e+02
2.630000000000000000e+02
2.390000000000000000e+02
2.520000000000000000e+02
2.650000000000000000e+02
2.940000000000000000e+02
2.780000000000000000e+02
2.910000000000000000e+02
2.700000000000000000e+02
2.830000000000000000e+02
2.630000000000000000e+02
2.520000000000000000e+02
2.310000000000000000e+02
2.370000000000000000e+02
2.170000000000000000e+02
2.230000000000000000e+02
2.230000000000000000e+02
2.080000000000000000e+02
2.130000000000000000e+02
2.110000000000000000e+02
2.140000000000000000e+02
1.970000000000000000e+02
2.020000000000000000e+02
1.780000000000000000e+02
1.780000000000000000e+02
1.510000000000000000e+02
1.250000000000000000e+02
1.060000000000000000e+02
1.070000000000000000e+02
7.600000000000000000e+01
8.000000000000000000e+01
4.300000000000000000e+01
4.600000000000000000e+01
1.700000000000000000e+01
1.900000000000000000e+01
-9.000000000000000000e+00
-8.000000000000000000e+00
-2.500000000000000000e+01
-1.500000000000000000e+01
-4.200000000000000000e+01
-3.800000000000000000e+01
-2.900000000000000000e+01
-2.400000000000000000e+01
-5.000000000000000000e+01
-6.000000000000000000e+01
-7.300000000000000000e+01
-9.500000000000000000e+01
-6.400000000000000000e+01
-6.200000000000000000e+01
-5.300000000000000000e+01
-7.100000000000000000e+01
-8.400000000000000000e+01
-1.010000000000000000e+02
-8.600000000000000000e+01
-8.600000000000000000e+01
-6.300000000000000000e+01
-6.100000000000000000e+01
-4.700000000000000000e+01
-4.000000000000000000e+01
-4.400000000000000000e+01
-4.600000000000000000e+01
-2.000000000000000000e+00
-3.000000000000000000e+00
1.000000000000000000e+01
1.400000000000000000e+01
1.000000000000000000e+01
5.000000000000000000e+00
-1.100000000000000000e+01
2.000000000000000000e+00
-1.800000000000000000e+01
6.000000000000000000e+00
1.600000000000000000e+01
8.000000000000000000e+00
4.000000000000000000e+00
7.000000000000000000e+00
1.400000000000000000e+01
-5.000000000000000000e+00
1.300000000000000000e+01
8.000000000000000000e+00
1.500000000000000000e+01
-6.000000000000000000e+00
-1.000000000000000000e+00
-8.000000000000000000e+00
-1.000000000000000000e+00
-1.100000000000000000e+01
-2.000000000000000000e+00
-2.200000000000000000e+01
2.000000000000000000e+00
1.000000000000000000e+00
1.200000000000000000e+01
1.200000000000000000e+01
6.000000000000000000e+00
-7.000000000000000000e+00
-2.000000000000000000e+01
-1.100000000000000000e+01
-8.000000000000000000e+00
1.300000000000000000e+01
2.600000000000000000e+01
1.600000000000000000e+01
1.900000000000000000e+01
1.800000000000000000e+01
1.800000000000000000e+01
2.000000000000000000e+01
3.300000000000000000e+01
4.100000000000000000e+01
4.100000000000000000e+01
4.100000000000000000e+01
5.200000000000000000e+01
5.100000000000000000e+01
6.300000000000000000e+01
4.900000000000000000e+01
4.900000000000000000e+01
3.700000000000000000e+01
4.600000000000000000e+01
3.100000000000000000e+01
4.200000000000000000e+01
3.900000000000000000e+01
4.300000000000000000e+01
3.600000000000000000e+01
5.600000000000000000e+01
4.200000000000000000e+01
6.200000000000000000e+01
7.000000000000000000e+01
6.900000000000000000e+01
7.400000000000000000e+01
0.000000000000000000e+00
