3.000000000000000000e+00
3.000000000000000000e+00
-1.700000000000000000e+01
-2.500000000000000000e+01
-3.700000000000000000e+01
-4.600000000000000000e+01
-4.700000000000000000e+01
-6.700000000000000000e+01
-6.700000000000000000e+01
-7.400000000000000000e+01
-6.500000000000000000e+01
-8.200000000000000000e+01
-6.500000000000000000e+01
-7.200000000000000000e+01
-6.500000000000000000e+01
-6.900000000000000000e+01
-6.000000000000000000e+01
-6.400000000000000000e+01
-6.800000000000000000e+01
-7.900000000000000000e+01
-7.300000000000000000e+01
-7.400000000000000000e+01
-6.600000000000000000e+01
-5.900000000000000000e+01
-6.100000000000000000e+01
-6.100000000000000000e+01
-4.100000000000000000e+01
-4.100000000000000000e+01
-4.100000000000000000e+01
-4.000000000000000000e+01
-2.900000000000000000e+01
-2.000000000000000000e+01
-1.900000000000000000e+01
-1.900000000000000000e+01
-1.600000000000000000e+01
-1.500000000000000000e+01
-6.000000000000000000e+00
4.000000000000000000e+00
-4.000000000000000000e+00
6.000000000000000000e+00
1.800000000000000000e+01
3.100000000000000000e+01
3.100000000000000000e+01
2.900000000000000000e+01
2.900000000000000000e+01
4.400000000000000000e+01
3.500000000000000000e+01
4.500000000000000000e+01
5.600000000000000000e+01
6.300000000000000000e+01
6.400000000000000000e+01
7.600000000000000000e+01
7.500000000000000000e+01
8.500000000000000000e+01
8.500000000000000000e+01
7.100000000000000000e+01
7.100000000000000000e+01
6.700000000000000000e+01
6.800000000000000000e+01
4.800000000000000000e+01
4.800000000000000000e+01
4.700000000000000000e+01
3.300000000000000000e+01
3.100000000000000000e+01
2.600000000000000000e+01
2.100000000000000000e+01
-6.000000000000000000e+00
-1.000000000000000000e+01
-2.000000000000000000e+01
-3.000000000000000000e+01
-5.600000000000000000e+01
-6.700000000000000000e+01
-8.700000000000000000e+01
-9.500000000000000000e+01
-1.290000000000000000e+02
-1.400000000000000000e+02
-1.590000000000000000e+02
-1.700000000000000000e+02
-1.800000000000000000e+02
-1.990000000000000000e+02
-2.050000000000000000e+02
-2.140000000000000000e+02
-2.290000000000000000e+02
-2.380000000000000000e+02
-2.600000000000000000e+02
-2.720000000000000000e+02
-2.820000000000000000e+02
-2.860000000000000000e+02
-2.900000000000000000e+02
-3.000000000000000000e+02
-2.950000000000000000e+02
-2.950000000000000000e+02
-3.040000000000000000e+02
-3.000000000000000000e+02
-3.040000000000000000e+02
-3.000000000000000000e+02
-3.020000000000000000e+02
-3.050000000000000000e+02
-2.980000000000000000e+02
-2.980000000000000000e+02
-2.910000000000000000e+02
-2.900000000000000000e+02
-2.820000000000000000e+02
-2.710000000000000000e+02
-2.790000000000000000e+02
-2.770000000000000000e+02
-2.650000000000000000e+02
-2.730000000000000000e+02
-2.460000000000000000e+02
-2.330000000000000000e+02
-2.250000000000000000e+02
-2.250000000000000000e+02
-2.190000000000000000e+02
-2.040000000000000000e+02
-1.960000000000000000e+02
-2.010000000000000000e+02
-1.800000000000000000e+02
-1.410000000000000000e+02
-1.300000000000000000e+02
-1.110000000000000000e+02
-9.900000000000000000e+01
-7.800000000000000000e+01
-6.700000000000000000e+01
-5.600000000000000000e+01
-5.400000000000000000e+01
-3.000000000000000000e+01
-1.900000000000000000e+01
4.000000000000000000e+00
6.300000000000000000e+01
7.500000000000000000e+01
9.500000000000000000e+01
1.020000000000000000e+02
1.210000000000000000e+02
1.180000000000000000e+02
1.240000000000000000e+02
1.210000000000000000e+02
1.360000000000000000e+02
1.400000000000000000e+02
1.530000000000000000e+02
1.590000000000000000e+02
1.710000000000000000e+02
1.750000000000000000e+02
1.750000000000000000e+02
1.870000000000000000e+02
1.880000000000000000e+02
2.080000000000000000e+02
2.130000000000000000e+02
2.100000000000000000e+02
2.200000000000000000e+02
2.190000000000000000e+02
2.250000000000000000e+02
2.110000000000000000e+02
2.080000000000000000e+02
2.010000000000000000e+02
2.050000000000000000e+02
1.870000000000000000e+02
1.840000000000000000e+02
1.840000000000000000e+02
1.840000000000000000e+02
1.710000000000000000e+02
1.590000000000000000e+02
1.370000000000000000e+02
1.340000000000000000e+02
1.180000000000000000e+02
1.110000000000000000e+02
1.050000000000000000e+02
8.800000000000000000e+01
6.700000000000000000e+01
5.700000000000000000e+01
5.000000000000000000e+01
2.300000000000000000e+01
1.200000000000000000e+01
-1.000000000000000000e+01
-2.200000000000000000e+01
-4.300000000000000000e+01
-6.100000000000000000e+01
-9.100000000000000000e+01
-9.800000000000000000e+01
-1.150000000000000000e+02
-1.200000000000000000e+02
-1.420000000000000000e+02
-1.470000000000000000e+02
-1.490000000000000000e+02
-1.550000000000000000e+02
-1.560000000000000000e+02
-1.580000000000000000e+02
-1.550000000000000000e+02
-1.630000000000000000e+02
-1.610000000000000000e+02
-1.660000000000000000e+02
-1.590000000000000000e+02
-1.740000000000000000e+02
-1.650000000000000000e+02
-1.670000000000000000e+02
-1.580000000000000000e+02
-1.640000000000000000e+02
-1.540000000000000000e+02
-1.520000000000000000e+02
-1.370000000000000000e+02
-1.340000000000000000e+02
-1.020000000000000000e+02
-1.050000000000000000e+02
-8.500000000000000000e+01
-6.800000000000000000e+01
-4.600000000000000000e+01
-3.700000000000000000e+01
-3.200000000000000000e+01
1.600000000000000000e+01
2.900000000000000000e+01
5.600000000000000000e+01
8.300000000000000000e+01
1.050000000000000000e+02
1.340000000000000000e+02
0.000000000000000000e+00
