-1.500000000000000000e+01
-1.400000000000000000e+01
-5.500000000000000000e+01
-8.400000000000000000e+01
-1.040000000000000000e+02
-1.350000000000000000e+02
-1.340000000000000000e+02
-1.640000000000000000e+02
-1.640000000000000000e+02
-1.930000000000000000e+02
-1.880000000000000000e+02
-2.120000000000000000e+02
-2.020000000000000000e+02
-2.240000000000000000e+02
-2.210000000000000000e+02
-2.350000000000000000e+02
-2.270000000000000000e+02
-2.510000000000000000e+02
-2.650000000000000000e+02
-2.940000000000000000e+02
-2.860000000000000000e+02
-2.930000000000000000e+02
-2.960000000000000000e+02
-2.830000000000000000e+02
-2.910000000000000000e+02
-2.880000000000000000e+02
-2.640000000000000000e+02
-2.690000000000000000e+02
-2.740000000000000000e+02
-2.900000000000000000e+02
-2.740000000000000000e+02
-2.670000000000000000e+02
-2.720000000000000000e+02
-2.650000000000000000e+02
-2.680000000000000000e+02
-2.910000000000000000e+02
-2.730000000000000000e+02
-2.550000000000000000e+02
-2.530000000000000000e+02
-2.330000000000000000e+02
-2.130000000000000000e+02
-1.870000000000000000e+02
-1.990000000000000000e+02
-1.930000000000000000e+02
-2.010000000000000000e+02
-1.770000000000000000e+02
-1.800000000000000000e+02
-1.550000000000000000e+02
-1.280000000000000000e+02
-1.000000000000000000e+02
-1.050000000000000000e+02
-7.400000000000000000e+01
-6.900000000000000000e+01
-4.200000000000000000e+01
-4.400000000000000000e+01
-4.600000000000000000e+01
-2.500000000000000000e+01
-3.300000000000000000e+01
-1.100000000000000000e+01
-1.000000000000000000e+01
1.100000000000000000e+01
3.200000000000000000e+01
2.000000000000000000e+01
3.800000000000000000e+01
5.400000000000000000e+01
7.000000000000000000e+01
4.500000000000000000e+01
6.000000000000000000e+01
5.400000000000000000e+01
6.600000000000000000e+01
5.600000000000000000e+01
7.100000000000000000e+01
5.100000000000000000e+01
6.200000000000000000e+01
3.200000000000000000e+01
3.700000000000000000e+01
2.800000000000000000e+01
3.500000000000000000e+01
4.300000000000000000e+01
2.300000000000000000e+01
2.800000000000000000e+01
2.600000000000000000e+01
2.400000000000000000e+01
9.000000000000000000e+00
-1.400000000000000000e+01
-4.000000000000000000e+01
-4.800000000000000000e+01
-6.200000000000000000e+01
-6.800000000000000000e+01
-8.500000000000000000e+01
-7.700000000000000000e+01
-7.200000000000000000e+01
-9.500000000000000000e+01
-8.700000000000000000e+01
-9.300000000000000000e+01
-8.300000000000000000e+01
-1.070000000000000000e+02
-1.250000000000000000e+02
-1.180000000000000000e+02
-1.050000000000000000e+02
-9.400000000000000000e+01
-1.030000000000000000e+02
-9.700000000000000000e+01
-9.600000000000000000e+01
-1.100000000000000000e+02
-1.250000000000000000e+02
-1.070000000000000000e+02
-1.220000000000000000e+02
-8.400000000000000000e+01
-6.800000000000000000e+01
-7.600000000000000000e+01
-7.600000000000000000e+01
-7.700000000000000000e+01
-5.700000000000000000e+01
-6.300000000000000000e+01
-7.100000000000000000e+01
-4.600000000000000000e+01
2.000000000000000000e+00
-1.000000000000000000e+00
2.500000000000000000e+01
3.000000000000000000e+01
5.900000000000000000e+01
6.400000000000000000e+01
6.100000000000000000e+01
6.100000000000000000e+01
8.600000000000000000e+01
7.500000000000000000e+01
9.800000000000000000e+01
1.710000000000000000e+02
1.760000000000000000e+02
1.990000000000000000e+02
2.070000000000000000e+02
2.190000000000000000e+02
2.100000000000000000e+02
1.980000000000000000e+02
1.830000000000000000e+02
1.980000000000000000e+02
1.830000000000000000e+02
1.980000000000000000e+02
1.870000000000000000e+02
1.990000000000000000e+02
1.870000000000000000e+02
1.910000000000000000e+02
2.030000000000000000e+02
1.910000000000000000e+02
2.090000000000000000e+02
2.020000000000000000e+02
1.920000000000000000e+02
1.980000000000000000e+02
1.710000000000000000e+02
1.730000000000000000e+02
1.490000000000000000e+02
1.220000000000000000e+02
9.400000000000000000e+01
9.600000000000000000e+01
7.800000000000000000e+01
7.700000000000000000e+01
6.400000000000000000e+01
6.000000000000000000e+01
2.500000000000000000e+01
-8.000000000000000000e+00
-2.900000000000000000e+01
-3.500000000000000000e+01
-6.900000000000000000e+01
-7.400000000000000000e+01
-7.500000000000000000e+01
-1.110000000000000000e+02
-1.240000000000000000e+02
-1.260000000000000000e+02
-1.320000000000000000e+02
-1.560000000000000000e+02
-1.590000000000000000e+02
-1.810000000000000000e+02
-1.830000000000000000e+02
-2.130000000000000000e+02
-2.460000000000000000e+02
-2.730000000000000000e+02
-2.720000000000000000e+02
-3.010000000000000000e+02
-3.000000000000000000e+02
-3.230000000000000000e+02
-3.180000000000000000e+02
-3.130000000000000000e+02
-3.360000000000000000e+02
-3.310000000000000000e+02
-3.260000000000000000e+02
-3.270000000000000000e+02
-3.410000000000000000e+02
-3.340000000000000000e+02
-3.450000000000000000e+02
-3.340000000000000000e+02
-3.540000000000000000e+02
-3.450000000000000000e+02
-3.650000000000000000e+02
-3.530000000000000000e+02
-3.690000000000000000e+02
-3.580000000000000000e+02
-3.730000000000000000e+02
-3.620000000000000000e+02
-3.810000000000000000e+02
-3.500000000000000000e+02
-3.660000000000000000e+02
-3.540000000000000000e+02
-3.380000000000000000e+02
-3.330000000000000000e+02
-3.510000000000000000e+02
-3.640000000000000000e+02
-3.340000000000000000e+02
-3.390000000000000000e+02
-3.220000000000000000e+02
-3.050000000000000000e+02
-2.880000000000000000e+02
-2.710000000000000000e+02
0.000000000000000000e+00
