Initializing the node...
in node function ok
subscribed to belief state
[4, 1, 5, 0, 2, 3]
[4, 1, 5, 0, 2, 3]
(0, 1.7332530178673953, 1.0)
(2, 0, 0.5050829831053423)
(3, 1.7332530178673953, 1.0)
(4, 0, 0.3646112363903208)
(5, 0, 0.36180858271306565)
 
('_______         _________', 3, '______         _______')
 
in kicktopoint
[4, 1, 5, 0, 2, 3]
Motion angle : 0.471777511181
[4, 1, 5, 0, 2, 3]
(0, 1671.7658265226896, -1200.0, -75.98021867429509)
Motion angle : 0.978139501535
[4, 1, 5, 0, 2, 3]
(2, 1753.1895532933881, 0.0, 106.400847494577)
Motion angle : 0.350849063477
[4, 1, 5, 0, 2, 3]
Motion angle : 1.39668788914
[4, 1, 5, 0, 2, 3]
[4, 1, 5, 0, 2, 3]
(0, 1.7332530178673953, 1.0)
(2, 0, 0.5039130130803299)
(3, 1.7332530178673953, 1.0)
(4, 0, 0.3646112342396396)
(5, 0, 0.3618085852781577)
 
('_______         _________', 3, '______         _______')
 
in kicktopoint
[4, 1, 5, 0, 2, 3]
Motion angle : 0.471777511181
[4, 1, 5, 0, 2, 3]
(0, 1671.7658265226896, -1200.0, -75.98021867429509)
Motion angle : 0.979632336109
[4, 1, 5, 0, 2, 3]
(2, 1753.1895532933881, 0.0, 106.400847494577)
Motion angle : 0.31439774573
[4, 1, 5, 0, 2, 3]
Motion angle : 1.39793572001
[4, 1, 5, 0, 2, 3]
[4, 1, 5, 0, 2, 3]
(0, 1.7332530178673953, 1.0)
(2, 0, 0.5027808823916368)
(3, 1.7332530178673953, 1.0)
(4, 0, 0.3646112317817183)
(5, 0, 0.3618085880142559)
 
('_______         _________', 3, '______         _______')
 
in kicktopoint
[4, 1, 5, 0, 2, 3]
Motion angle : 0.471777511181
[4, 1, 5, 0, 2, 3]
(0, 1671.7658265226896, -1200.0, -75.98021867429509)
Motion angle : 0.981128168492
[4, 1, 5, 0, 2, 3]
(2, 1753.1895532933881, 0.0, 106.400847494577)
Motion angle : 0.282593689638
[4, 1, 5, 0, 2, 3]
Motion angle : 1.39692130334
[4, 1, 5, 0, 2, 3]
[4, 1, 5, 0, 2, 3]
(0, 1.7332530178673953, 1.0)
(2, 0, 0.5016130079189074)
(3, 1.7332530178673953, 1.0)
(4, 0, 0.3646112296310371)
(5, 0, 0.3618085904083418)
 
('_______         _________', 3, '______         _______')
 
in kicktopoint
[4, 1, 5, 0, 2, 3]
Motion angle : 0.471777511181
[4, 1, 5, 0, 2, 3]
(0, 1671.7658265226896, -1200.0, -75.98021867429509)
Motion angle : 0.983127278939
[4, 1, 5, 0, 2, 3]
(2, 1753.1895532933881, 0.0, 106.400847494577)
Motion angle : 0.0353305885383
[4, 1, 5, 0, 2, 3]
Motion angle : 1.39818267932
[4, 1, 5, 0, 2, 3]
[4, 1, 5, 0, 2, 3]
(0, 1.7332530178673953, 1.0)
(2, 0, 0.5004461867802675)
(3, 1.7332530178673953, 1.0)
(4, 0, 0.36461122748035585)
(5, 0, 0.36180859314444)
 
('_______         _________', 3, '______         _______')
 
in kicktopoint
[4, 1, 5, 0, 2, 3]
Motion angle : 0.471777511181
[4, 1, 5, 0, 2, 3]
(0, 1671.7658265226896, -1200.0, -75.98021867429509)
Motion angle : 0.984630115173
[4, 1, 5, 0, 2, 3]
(2, 1753.1895532933881, 0.0, 106.400847494577)
Motion angle : 0.0324912702389
[4, 1, 5, 0, 2, 3]
Motion angle : 1.39715944319
[4, 1, 5, 0, 2, 3]
[4, 1, 5, 0, 2, 3]
(0, 1.7332530178673953, 1.0)
(2, 0, 0.4993169499869351)
(3, 1.7332530178673953, 1.0)
(4, 0, 0.36461122502243454)
(5, 0, 0.3618085957095321)
 
('_______         _________', 3, '______         _______')
 
in kicktopoint
[4, 1, 5, 0, 2, 3]
Motion angle : 0.471777511181
[4, 1, 5, 0, 2, 3]
(0, 1671.7658265226896, -1200.0, -75.98021867429509)
Motion angle : 0.986135956792
[4, 1, 5, 0, 2, 3]
(2, 1753.1895532933881, 0.0, 106.400847494577)
Motion angle : 0.0301957815397
[4, 1, 5, 0, 2, 3]
Motion angle : 1.3964705881
[4, 1, 5, 0, 2, 3]
[4, 1, 5, 0, 2, 3]
(0, 1.7332530178673953, 1.0)
(2, 0, 0.49815218310018705)
(3, 1.7332530178673953, 1.0)
(4, 0, 0.36461122195003287)
(5, 0, 0.36180859861663645)
 
('_______         _________', 3, '______         _______')
 
in kicktopoint
[4, 1, 5, 0, 2, 3]
Motion angle : 0.471777511181
[4, 1, 5, 0, 2, 3]
(0, 1671.7658265226896, -1200.0, -75.98021867429509)
Motion angle : 0.987976756587
[4, 1, 5, 0, 2, 3]
(2, 1753.1895532933881, 0.0, 106.400847494577)
Motion angle : 0.0279346981598
[4, 1, 5, 0, 2, 3]
Motion angle : 1.39740245364
[4, 1, 5, 0, 2, 3]
[4, 1, 5, 0, 2, 3]
(0, 1.7332530178673953, 1.0)
(2, 0, 0.49698843626801426)
(3, 1.7332530178673953, 1.0)
(4, 0, 0.3646112201065918)
(5, 0, 0.36180860101072243)
 
('_______         _________', 3, '______         _______')
 
in kicktopoint
[4, 1, 5, 0, 2, 3]
Motion angle : 0.471777511181
[4, 1, 5, 0, 2, 3]
(0, 1671.7658265226896, -1200.0, -75.98021867429509)
Motion angle : 0.989488183909
[4, 1, 5, 0, 2, 3]
(2, 1753.1895532933881, 0.0, 106.400847494577)
Motion angle : 0.0256902782061
[4, 1, 5, 0, 2, 3]
Motion angle : 1.39869181589
[4, 1, 5, 0, 2, 3]
[4, 1, 5, 0, 2, 3]
(0, 1.7332530178673953, 1.0)
(2, 0, 0.49585603948678386)
(3, 1.7332530178673953, 1.0)
(4, 0, 0.3646112176486705)
(5, 0, 0.3618086039178267)
 
('_______         _________', 3, '______         _______')
 
in kicktopoint
[4, 1, 5, 0, 2, 3]
Motion angle : 0.471777511181
[4, 1, 5, 0, 2, 3]
(0, 1671.7658265226896, -1200.0, -75.98021867429509)
Motion angle : 0.990671535471
[4, 1, 5, 0, 2, 3]
(2, 1753.1895532933881, 0.0, 106.400847494577)
Motion angle : 0.0223962546528
[4, 1, 5, 0, 2, 3]
Motion angle : 1.39530088912
[4, 1, 5, 0, 2, 3]
[4, 1, 5, 0, 2, 3]
(0, 1.7332530178673953, 1.0)
(2, 0, 0.4946943242159766)
(3, 1.7332530178673953, 1.0)
(4, 0, 0.3646112151907492)
(5, 0, 0.36180860614090654)
 
('_______         _________', 3, '______         _______')
 
in kicktopoint
[4, 1, 5, 0, 2, 3]
Motion angle : 0.471777511181
[4, 1, 5, 0, 2, 3]
(0, 1671.7658265226896, -1200.0, -75.98021867429509)
Motion angle : 0.992189419911
[4, 1, 5, 0, 2, 3]
(2, 1753.1895532933881, 0.0, 106.400847494577)
Motion angle : 0.0201885426219
[4, 1, 5, 0, 2, 3]
Motion angle : 1.3965966059
[4, 1, 5, 0, 2, 3]
[4, 1, 5, 0, 2, 3]
(0, 1.7332530178673953, 1.0)
(2, 0, 0.49353363776302595)
(3, 1.7332530178673953, 1.0)
(4, 0, 0.364611213040068)
(5, 0, 0.36180860870599857)
 
('_______         _________', 3, '______         _______')
 
in kicktopoint
[4, 1, 5, 0, 2, 3]
Motion angle : 0.471777511181
[4, 1, 5, 0, 2, 3]
(0, 1671.7658265226896, -1200.0, -75.98021867429509)
Motion angle : 0.9942179574
[4, 1, 5, 0, 2, 3]
(2, 1753.1895532933881, 0.0, 106.400847494577)
Motion angle : 0.0179969979595
[4, 1, 5, 0, 2, 3]
Motion angle : 1.39755066034
[4, 1, 5, 0, 2, 3]
[4, 1, 5, 0, 2, 3]
(0, 1.7332530178673953, 1.0)
(2, 0, 0.4923739828644157)
(3, 1.7332530178673953, 1.0)
(4, 0, 0.36461121058214657)
(5, 0, 0.3618086116131029)
 
('_______         _________', 3, '______         _______')
 
in kicktopoint
[4, 1, 5, 0, 2, 3]
Motion angle : 0.471777511181
[4, 1, 5, 0, 2, 3]
(0, 1671.7658265226896, -1200.0, -75.98021867429509)
Motion angle : 0.995742881698
[4, 1, 5, 0, 2, 3]
(2, 1753.1895532933881, 0.0, 106.400847494577)
Motion angle : 0.0158214645416
[4, 1, 5, 0, 2, 3]
Motion angle : 1.39887038954
[4, 1, 5, 0, 2, 3]
[4, 1, 5, 0, 2, 3]
(0, 1.7332530178673953, 1.0)
(2, 0, 0.4912512418788558)
(3, 1.7332530178673953, 1.0)
(4, 0, 0.3646112018801595)
(5, 0, 0.36180861417819493)
 
('_______         _________', 3, '______         _______')
 
in kicktopoint
[4, 1, 5, 0, 2, 3]
Motion angle : 0.471777511181
[4, 1, 5, 0, 2, 3]
(0, 1671.7658265226896, -1200.0, -75.98021867429509)
Motion angle : 0.997780812568
[4, 1, 5, 0, 2, 3]
(2, 1753.1895532933881, 0.0, 106.400847494577)
Motion angle : 0.0136546134943
[4, 1, 5, 0, 2, 3]
Motion angle : 1.39576385399
[4, 1, 5, 0, 2, 3]
[4, 1, 5, 0, 2, 3]
(0, 1.7332530178673953, 1.0)
(2, 0, 0.4900934557260068)
(3, 1.7332530178673953, 1.0)
(4, 0, 0.36461119972947836)
(5, 0, 0.3618086165722808)
 
('_______         _________', 3, '______         _______')
 
in kicktopoint
[4, 1, 5, 0, 2, 3]
Motion angle : 0.471777511181
[4, 1, 5, 0, 2, 3]
(0, 1671.7658265226896, -1200.0, -75.98021867429509)
Motion angle : 0.999824117062
[4, 1, 5, 0, 2, 3]
(2, 1753.1895532933881, 0.0, 106.400847494577)
Motion angle : 0.0115117886806
[4, 1, 5, 0, 2, 3]
Motion angle : 1.39708914558
[4, 1, 5, 0, 2, 3]
[4, 1, 5, 0, 2, 3]
(0, 1.7332530178673953, 1.0)
(2, 0, 0.48893105586529784)
(3, 1.7332530178673953, 1.0)
(4, 0, 0.3646111972715573)
(5, 0, 0.36180861930837893)
 
('_______         _________', 3, '______         _______')
 
in kicktopoint
[4, 1, 5, 0, 2, 3]
Motion angle : 0.471777511181
[4, 1, 5, 0, 2, 3]
(0, 1671.7658265226896, -1200.0, -75.98021867429509)
Motion angle : 1.00136012438
[4, 1, 5, 0, 2, 3]
(2, 1753.1895532933881, 0.0, 106.400847494577)
Motion angle : 0.00834182944333
[4, 1, 5, 0, 2, 3]
Motion angle : 1.3977058274
[4, 1, 5, 0, 2, 3]
[4, 1, 5, 0, 2, 3]
(0, 1.7332530178673953, 1.0)
(2, 0, 0.48777527108644103)
(3, 1.7332530178673953, 1.0)
(4, 0, 0.3646111951208761)
(5, 0, 0.3618086220444772)
 
('_______         _________', 3, '______         _______')
 
in kicktopoint
[4, 1, 5, 0, 2, 3]
Motion angle : 0.471777511181
[4, 1, 5, 0, 2, 3]
(0, 1671.7658265226896, -1200.0, -75.98021867429509)
Motion angle : 1.00341284261
[4, 1, 5, 0, 2, 3]
(2, 1753.1895532933881, 0.0, 106.400847494577)
Motion angle : 0.00623368548793
[4, 1, 5, 0, 2, 3]
Motion angle : 1.39697935055
[4, 1, 5, 0, 2, 3]
[4, 1, 5, 0, 2, 3]
(0, 1.7332530178673953, 1.0)
(2, 0, 0.4866561273892165)
(3, 1.7332530178673953, 1.0)
(4, 0, 0.364611192970195)
(5, 0, 0.3618086244385632)
 
('_______         _________', 3, '______         _______')
 
in kicktopoint
[4, 1, 5, 0, 2, 3]
Motion angle : 0.471777511181
[4, 1, 5, 0, 2, 3]
(0, 1671.7658265226896, -1200.0, -75.98021867429509)
Motion angle : 1.00579761594
[4, 1, 5, 0, 2, 3]
(2, 1753.1895532933881, 0.0, 106.400847494577)
Motion angle : 0.00414076308359
[4, 1, 5, 0, 2, 3]
Motion angle : 1.39587824631
[4, 1, 5, 0, 2, 3]
[4, 1, 5, 0, 2, 3]
(0, 1.7332530178673953, 1.0)
(2, 0, 0.4854967472280246)
(3, 1.7332530178673953, 1.0)
(4, 0, 0.3646111902050335)
(5, 0, 0.3618086273456674)
 
('_______         _________', 3, '______         _______')
 
in kicktopoint
[4, 1, 5, 0, 2, 3]
Motion angle : 0.471777511181
[4, 1, 5, 0, 2, 3]
(0, 1671.7658265226896, -1200.0, -75.98021867429509)
Motion angle : 1.00837702356
[4, 1, 5, 0, 2, 3]
(2, 1753.1895532933881, 0.0, 106.400847494577)
Motion angle : 0.00154718803827
[4, 1, 5, 0, 2, 3]
Motion angle : 1.39686670191
[4, 1, 5, 0, 2, 3]
[4, 1, 5, 0, 2, 3]
(0, 1.7332530178673953, 1.0)
(2, 0, 0.48434382379527247)
(3, 1.7332530178673953, 1.0)
(4, 0, 0.3646111883615926)
(5, 0, 0.3618086299107594)
 
('_______         _________', 3, '______         _______')
 
in kicktopoint
[4, 1, 5, 0, 2, 3]
Motion angle : 0.471777511181
[4, 1, 5, 0, 2, 3]
(0, 1671.7658265226896, -1200.0, -75.98021867429509)
Motion angle : 1.01044660805
[4, 1, 5, 0, 2, 3]
(2, 1753.1895532933881, 0.0, 106.400847494577)
Motion angle : -0.000513874569362
[4, 1, 5, 0, 2, 3]
Motion angle : 1.39575048227
[4, 1, 5, 0, 2, 3]
[4, 1, 5, 0, 2, 3]
(0, 1.7332530178673953, 1.0)
(2, 0, 0.4831917978185877)
(3, 1.7332530178673953, 1.0)
(4, 0, 0.36461118621091154)
(5, 0, 0.36180863264685764)
 
('_______         _________', 3, '______         _______')
 
in kicktopoint
[4, 1, 5, 0, 2, 3]
Motion angle : 0.471777511181
[4, 1, 5, 0, 2, 3]
(0, 1671.7658265226896, -1200.0, -75.98021867429509)
Motion angle : 1.01219701145
[4, 1, 5, 0, 2, 3]
(2, 1753.1895532933881, 0.0, 106.400847494577)
Motion angle : -0.00307218695511
[4, 1, 5, 0, 2, 3]
Motion angle : 1.39712512845
[4, 1, 5, 0, 2, 3]
[4, 1, 5, 0, 2, 3]
(0, 1.7332530178673953, 1.0)
(2, 0, 0.48202979628036385)
(3, 1.7332530178673953, 1.0)
(4, 0, 0.36461118313851)
(5, 0, 0.3618086273456674)
 
('_______         _________', 3, '______         _______')
 
in kicktopoint
[4, 1, 5, 0, 2, 3]
Motion angle : 0.471777511181
[4, 1, 5, 0, 2, 3]
(0, 1671.8550843495711, -1200.0, -75.97835572367674)
Motion angle : 1.01479913933
[4, 1, 5, 0, 2, 3]
(2, 1753.237561822123, 0.0, 106.40136671751438)
Motion angle : -0.00561218597557
[4, 1, 5, 0, 2, 3]
Motion angle : 1.39776533323
[4, 1, 5, 0, 2, 3]
[4, 1, 5, 0, 2, 3]
(0, 1.7332530178673953, 1.0)
(2, 0, 0.48087381335977614)
(3, 1.7332530178673953, 1.0)
(4, 0, 0.3646111809878288)
(5, 0, 0.3618086512865264)
 
('_______         _________', 3, '______         _______')
 
in kicktopoint
[4, 1, 5, 0, 2, 3]
Motion angle : 0.471777511181
[4, 1, 5, 0, 2, 3]
(0, 1671.9485051131178, -1200.0, -75.97642441396717)
Motion angle : 1.0174097094
[4, 1, 5, 0, 2, 3]
(2, 1753.2888006811781, 0.0, 106.40192424192328)
Motion angle : -0.0076256783142
[4, 1, 5, 0, 2, 3]
Motion angle : 1.39701166401
[4, 1, 5, 0, 2, 3]
[4, 1, 5, 0, 2, 3]
(0, 1.7332530178673953, 1.0)
(2, 0, 0.4797669689597302)
(3, 1.7332530178673953, 1.0)
(4, 0, 0.3646111788371477)
(5, 0, 0.3618086377770417)
 
('_______         _________', 3, '______         _______')
 
in kicktopoint
[4, 1, 5, 0, 2, 3]
Motion angle : 0.471777511181
[4, 1, 5, 0, 2, 3]
(0, 1671.8563381538568, -1200.0, -75.97831867565311)
Motion angle : 1.02002872706
[4, 1, 5, 0, 2, 3]
(2, 1753.2376545517097, 0.0, 106.40136574468555)
Motion angle : -0.00961995639856
[4, 1, 5, 0, 2, 3]
Motion angle : 1.39586889553
[4, 1, 5, 0, 2, 3]
[4, 1, 5, 0, 2, 3]
(0, 1.7332530178673953, 1.0)
(2, 0, 0.47862192872540454)
(3, 1.7332530178673953, 1.0)
(4, 0, 0.36461117668646664)
(5, 0, 0.36180862563560606)
 
('_______         _________', 3, '______         _______')
 
in kicktopoint
[4, 1, 5, 0, 2, 3]
Motion angle : 0.471777511181
[4, 1, 5, 0, 2, 3]
(0, 1671.7001822705693, -1200.0, -75.98241950043995)
Motion angle : 1.02265619728
[4, 1, 5, 0, 2, 3]
(2, 1753.178946802524, 0.0, 106.40044320834556)
Motion angle : -0.0121083890433
[4, 1, 5, 0, 2, 3]
Motion angle : 1.39689513766
[4, 1, 5, 0, 2, 3]
[4, 1, 5, 0, 2, 3]
(0, 1.7332530178673953, 1.0)
(2, 0, 0.47737484187532075)
(3, 1.7332530178673953, 1.0)
(4, 0, 0.3646111745357855)
(5, 0, 0.3618085830550779)
 
('_______         _________', 3, '______         _______')
 
in kicktopoint
[4, 1, 5, 0, 2, 3]
Motion angle : 0.471777511181
[4, 1, 5, 0, 2, 3]
(0, 1672.7592416588839, -1200.0, -75.96009363485247)
Motion angle : 1.02476426235
[4, 1, 5, 0, 2, 3]
(2, 1753.7564738750684, 0.0, 106.40708952667252)
Motion angle : 0.349587435166
[4, 1, 5, 0, 2, 3]
Motion angle : 1.39755066034
[4, 1, 5, 0, 2, 3]
[4, 1, 5, 0, 2, 3]
(0, 1.7332530178673953, 1.0)
(2, 0, 0.47604518707247806)
(3, 1.7332530178673953, 1.0)
(4, 0, 0.36461117207786425)
(5, 0, 0.36180864478829333)
 
('_______         _________', 3, '______         _______')
 
in kicktopoint
[4, 1, 5, 0, 2, 3]
Motion angle : 0.471777511181
[4, 1, 5, 0, 2, 3]
(0, 1675.4645372359, -1200.0, -75.90534181892318)
Motion angle : 1.02655762167
[4, 1, 5, 0, 2, 3]
(2, 1755.2898275543769, 0.0, 106.42367790855656)
Motion angle : 0.345687633629
[4, 1, 5, 0, 2, 3]
Motion angle : 1.39638522439
[4, 1, 5, 0, 2, 3]
[4, 1, 5, 0, 2, 3]
(0, 1.7332530178673953, 1.0)
(2, 0, 0.47452744948978465)
(3, 1.7332530178673953, 1.0)
(4, 0, 0.364611169619943)
(5, 0, 0.361808556207114)
 
('_______         _________', 3, '______         _______')
 
in kicktopoint
[4, 1, 5, 0, 2, 3]
Motion angle : 0.471777511181
[4, 1, 5, 0, 2, 3]
(0, 1679.9557675883866, -1200.0, -75.81347652031779)
Motion angle : 1.02729664508
[4, 1, 5, 0, 2, 3]
(2, 1757.8001327542456, 0.0, 106.4510006027603)
Motion angle : 0.341207045277
[4, 1, 5, 0, 2, 3]
Motion angle : 1.39625649046
[4, 1, 5, 0, 2, 3]
[4, 1, 5, 0, 2, 3]
(0, 1.7332530178673953, 1.0)
(2, 0, 0.4729485397774443)
(3, 1.7332530178673953, 1.0)
(4, 0, 0.36461116746926187)
(5, 0, 0.3618085650994333)
 
('_______         _________', 3, '______         _______')
 
in kicktopoint
[4, 1, 5, 0, 2, 3]
Motion angle : 0.471777511181
[4, 1, 5, 0, 2, 3]
(0, 1685.8898022897104, -1200.0, -75.69563151756851)
Motion angle : 1.02771697537
[4, 1, 5, 0, 2, 3]
(2, 1761.2772197855006, 0.0, 106.48879370257487)
Motion angle : 0.336580644127
[4, 1, 5, 0, 2, 3]
Motion angle : 1.39612412779
[4, 1, 5, 0, 2, 3]
[4, 1, 5, 0, 2, 3]
(0, 1.7332530178673953, 1.0)
(2, 0, 0.47131083877220364)
(3, 1.7332530178673953, 1.0)
(4, 0, 0.3646111650113406)
(5, 0, 0.3618085596253205)
 
('_______         _________', 3, '______         _______')
 
in kicktopoint
[4, 1, 5, 0, 2, 3]
Motion angle : 0.471777511181
[4, 1, 5, 0, 2, 3]
(0, 1693.2005486689568, -1200.0, -75.55485829081279)
Motion angle : 1.02675365397
[4, 1, 5, 0, 2, 3]
(2, 1765.8102110419877, 0.0, 106.53908489601987)
Motion angle : 0.332936475097
[4, 1, 5, 0, 2, 3]
Motion angle : 1.39830336705
[4, 1, 5, 0, 2, 3]
[4, 1, 5, 0, 2, 3]
(0, 1.7332530178673953, 1.0)
(2, 0, 0.4696989533545613)
(3, 1.7332530178673953, 1.0)
(4, 0, 0.3646111622461792)
(5, 0, 0.36180854064363793)
 
('_______         _________', 3, '______         _______')
 
in kicktopoint
[4, 1, 5, 0, 2, 3]
Motion angle : 0.471777511181
[4, 1, 5, 0, 2, 3]
(0, 1701.775482570723, -1200.0, -75.39667697799578)
Motion angle : 1.02578725474
[4, 1, 5, 0, 2, 3]
(2, 1771.5304986613748, 0.0, 106.60435306218348)
Motion angle : 0.328831474602
[4, 1, 5, 0, 2, 3]
Motion angle : 1.39819680687
[4, 1, 5, 0, 2, 3]
[4, 1, 5, 0, 2, 3]
(0, 1.7332530178673953, 1.0)
(2, 0, 0.4680887287952598)
(3, 1.7332530178673953, 1.0)
(4, 0, 0.36461116009549804)
(5, 0, 0.361808522516986)
 
('_______         _________', 3, '______         _______')
 
in kicktopoint
[4, 1, 5, 0, 2, 3]
Motion angle : 0.471777511181
[4, 1, 5, 0, 2, 3]
(0, 1711.1710248036286, -1200.0, -75.23571480140335)
Motion angle : 1.0239611746
[4, 1, 5, 0, 2, 3]
(2, 1778.3800669569891, 0.0, 106.6825900138269)
Motion angle : 0.324736558409
[4, 1, 5, 0, 2, 3]
Motion angle : 1.398087109
[4, 1, 5, 0, 2, 3]
[4, 1, 5, 0, 2, 3]
(0, 1.7332530178673953, 1.0)
(2, 0, 0.3955172973877421)
(3, 1.7332530178673953, 1.0)
(4, 0, 0.3646111579448169)
(5, 0, 0.36180850079920485)
 
('_______         _________', 0, '______         _______')
 
in kicktopoint
[4, 1, 5, 0, 2, 3]
Motion angle : 0.471777511181
[4, 1, 5, 0, 2, 3]
[4, 1, 5, 0, 2, 3]
[4, 1, 5, 0, 2, 3]
(0, 1.7332530178673953, 1.0)
(2, 0, 0.3812769219480292)
(3, 1.7332530178673953, 1.0)
(4, 0, 0.36461115517965553)
(5, 0, 0.36180847976544794)
 
('_______         _________', 0, '______         _______')
 
in kicktopoint
[4, 1, 5, 0, 2, 3]
Motion angle : 0.471777511181
[4, 1, 5, 0, 2, 3]
[4, 1, 5, 0, 2, 3]
[4, 1, 5, 0, 2, 3]
(0, 1.7332530178673953, 1.0)
(2, 0, 0.3670331189822851)
(3, 1.7332530178673953, 1.0)
(4, 0, 0.3646111533362145)
(5, 0, 0.3618084960091119)
 
('_______         _________', 0, '______         _______')
 
in kicktopoint
[4, 1, 5, 0, 2, 3]
Motion angle : 0.471777511181
[4, 1, 5, 0, 2, 3]
[4, 1, 5, 0, 2, 3]
[4, 1, 5, 0, 2, 3]
(0, 1.7332530178673953, 1.0)
(2, 0, 0.3528073337821689)
(3, 1.7332530178673953, 1.0)
(4, 0, 0.36461115118553344)
(5, 0, 0.36180842230353033)
 
('_______         _________', 0, '______         _______')
 
in kicktopoint
[4, 1, 5, 0, 2, 3]
Motion angle : 0.471777511181
[4, 1, 5, 0, 2, 3]
[4, 1, 5, 0, 2, 3]
[4, 1, 5, 0, 2, 3]
(0, 1.7332530178673953, 1.0)
(2, 0, 0.3388250591190483)
(3, 1.7332530178673953, 1.0)
(4, 0, 0.364611148420372)
(5, 0, 0.36180839477153603)
 
('_______         _________', 0, '______         _______')
 
in kicktopoint
[4, 1, 5, 0, 2, 3]
Motion angle : 0.471777511181
[4, 1, 5, 0, 2, 3]
[4, 1, 5, 0, 2, 3]
[4, 1, 5, 0, 2, 3]
(0, 1.7332530178673953, 1.0)
(2, 0, 0.3249546582816324)
(3, 1.7332530178673953, 1.0)
(4, 0, 0.3646111462696908)
(5, 0, 0.3618084789065735)
 
('_______         _________', 0, '______         _______')
 
in kicktopoint
[4, 1, 5, 0, 2, 3]
Motion angle : 0.471777511181
[4, 1, 5, 0, 2, 3]
[4, 1, 5, 0, 2, 3]
[4, 1, 5, 0, 2, 3]
(0, 1.7332530178673953, 1.0)
(2, 0, 0.31134791352586794)
(3, 1.7332530178673953, 1.0)
(4, 0, 0.3646111438117696)
(5, 0, 0.36180873609984576)
 
('_______         _________', 0, '______         _______')
 
in kicktopoint
[4, 1, 5, 0, 2, 3]
Motion angle : 0.471777511181
[4, 1, 5, 0, 2, 3]
[4, 1, 5, 0, 2, 3]
[4, 1, 5, 0, 2, 3]
(0, 1.7332530178673953, 1.0)
(2, 0, 0.2977950349287805)
(3, 1.7332530178673953, 1.0)
(4, 0, 0.36461114166108843)
(5, 0, 0.36180862032867456)
 
('_______         _________', 0, '______         _______')
 
in kicktopoint
[4, 1, 5, 0, 2, 3]
Motion angle : 0.471777511181
[4, 1, 5, 0, 2, 3]
[4, 1, 5, 0, 2, 3]
[4, 1, 5, 0, 2, 3]
(0, 1.7332530178673953, 1.0)
(2, 0, 0.2843428914467344)
(3, 1.7332530178673953, 1.0)
(4, 0, 0.3646111395104073)
(5, 0, 0.3618086242656441)
 
('_______         _________', 0, '______         _______')
 
in kicktopoint
[4, 1, 5, 0, 2, 3]
Motion angle : 0.471777511181
[4, 1, 5, 0, 2, 3]
[4, 1, 5, 0, 2, 3]
[4, 1, 5, 0, 2, 3]
(0, 1.7332530178673953, 1.0)
(2, 0, 0.27091720474237113)
(3, 1.7332530178673953, 1.0)
(4, 0, 0.36461113735972617)
(5, 0, 0.3618086909599494)
 
('_______         _________', 0, '______         _______')
 
in kicktopoint
[4, 1, 5, 0, 2, 3]
Motion angle : 0.471777511181
[4, 1, 5, 0, 2, 3]
[4, 1, 5, 0, 2, 3]
[4, 1, 5, 0, 2, 3]
(0, 1.7332530178673953, 1.0)
(2, 0, 0.25768373946911494)
(3, 1.7332530178673953, 1.0)
(4, 0, 0.3646111349018048)
(5, 0, 0.3618087402097153)
 
('_______         _________', 0, '______         _______')
 
in kicktopoint
[4, 1, 5, 0, 2, 3]
Motion angle : 0.471777511181
[4, 1, 5, 0, 2, 3]
[4, 1, 5, 0, 2, 3]
[4, 1, 5, 0, 2, 3]
(0, 1.7332530178673953, 1.0)
(2, 0, 0.24465308643873607)
(3, 1.7332530178673953, 1.0)
(4, 0, 0.36461113275112383)
(5, 0, 0.3618088149412952)
 
('_______         _________', 0, '______         _______')
 
in kicktopoint
[4, 1, 5, 0, 2, 3]
Motion angle : 0.471777511181
[4, 1, 5, 0, 2, 3]
[4, 1, 5, 0, 2, 3]
[4, 1, 5, 0, 2, 3]
(0, 1.7332530178673953, 1.0)
(2, 0, 0.23183604538677083)
(3, 1.7332530178673953, 1.0)
(4, 0, 0.36461112967872217)
(5, 0, 0.3618088479492734)
 
('_______         _________', 0, '______         _______')
 
in kicktopoint
[4, 1, 5, 0, 2, 3]
Motion angle : 0.471777511181
[4, 1, 5, 0, 2, 3]
[4, 1, 5, 0, 2, 3]
[4, 1, 5, 0, 2, 3]
(0, 1.7332530178673953, 1.0)
(2, 0, 0.21924362374405884)
(3, 1.7332530178673953, 1.0)
(4, 0, 0.364611127528041)
(5, 0, 0.36180893293930244)
 
('_______         _________', 0, '______         _______')
 
in kicktopoint
[4, 1, 5, 0, 2, 3]
Motion angle : 0.471777511181
[4, 1, 5, 0, 2, 3]
[4, 1, 5, 0, 2, 3]
[4, 1, 5, 0, 2, 3]
(0, 1.7332530178673953, 1.0)
(2, 0, 0.2067464468779411)
(3, 1.7332530178673953, 1.0)
(4, 0, 0.3646111253773599)
(5, 0, 0.3618089998045735)
 
('_______         _________', 0, '______         _______')
 
in kicktopoint
[4, 1, 5, 0, 2, 3]
Motion angle : 0.471777511181
[4, 1, 5, 0, 2, 3]
[4, 1, 5, 0, 2, 3]
[4, 1, 5, 0, 2, 3]
(0, 1.7332530178673953, 1.0)
(2, 0, 0.2015147292620882)
(3, 1.7332530178673953, 1.0)
(4, 0, 0.3646111166753766)
(5, 0, 0.36180907299705967)
 
('_______         _________', 0, '______         _______')
 
in kicktopoint
[4, 1, 5, 0, 2, 3]
Motion angle : 0.471777511181
[4, 1, 5, 0, 2, 3]
[4, 1, 5, 0, 2, 3]
[4, 1, 5, 0, 2, 3]
(0, 1.7332530178673953, 1.0)
(2, 0, 0.21276733521829197)
(3, 1.7332530178673953, 1.0)
(4, 0, 0.3646111151391759)
(5, 0, 0.36180911096228846)
 
('_______         _________', 0, '______         _______')
 
in kicktopoint
[4, 1, 5, 0, 2, 3]
Motion angle : 0.471777511181
[4, 1, 5, 0, 2, 3]
[4, 1, 5, 0, 2, 3]
[4, 1, 5, 0, 2, 3]
(0, 1.7332530178673953, 1.0)
(2, 0, 0.22377665247015258)
(3, 1.7332530178673953, 1.0)
(4, 0, 0.3646111183108361)
(5, 0, 0.3618091178025307)
 
('_______         _________', 0, '______         _______')
 
in kicktopoint
[4, 1, 5, 0, 2, 3]
Motion angle : 0.471777511181
[4, 1, 5, 0, 2, 3]
[4, 1, 5, 0, 2, 3]
[4, 1, 5, 0, 2, 3]
(0, 1.7332530178673953, 1.0)
(2, 0, 0.23453113118238028)
(3, 1.7332530178673953, 1.0)
(4, 0, 0.364611116160155)
(5, 0, 0.3618091010439374)
 
('_______         _________', 0, '______         _______')
 
in kicktopoint
[4, 1, 5, 0, 2, 3]
Motion angle : 0.471777511181
[4, 1, 5, 0, 2, 3]
[4, 1, 5, 0, 2, 3]
[4, 1, 5, 0, 2, 3]
(0, 1.7332530178673953, 1.0)
(2, 0, 0.2448613713049588)
(3, 1.7332530178673953, 1.0)
(4, 0, 0.3646111077654123)
(5, 0, 0.36180925153675425)
 
('_______         _________', 0, '______         _______')
 
in kicktopoint
[4, 1, 5, 0, 2, 3]
Motion angle : 0.471777511181
[4, 1, 5, 0, 2, 3]
[4, 1, 5, 0, 2, 3]
[4, 1, 5, 0, 2, 3]
(0, 1.7332530178673953, 1.0)
(2, 0, 0.25491276064210816)
(3, 1.7332530178673953, 1.0)
(4, 0, 0.3646111056147312)
(5, 0, 0.36180926265027363)
 
('_______         _________', 0, '______         _______')
 
in kicktopoint
[4, 1, 5, 0, 2, 3]
Motion angle : 0.471777511181
[4, 1, 5, 0, 2, 3]
[4, 1, 5, 0, 2, 3]
[4, 1, 5, 0, 2, 3]
(0, 1.7332530178673953, 1.0)
(2, 0, 0.2646852271773142)
(3, 1.7332530178673953, 1.0)
(4, 0, 0.36461110315681)
(5, 0, 0.36180929668047135)
 
('_______         _________', 0, '______         _______')
 
in kicktopoint
[4, 1, 5, 0, 2, 3]
Motion angle : 0.471777511181
[4, 1, 5, 0, 2, 3]
[4, 1, 5, 0, 2, 3]
[4, 1, 5, 0, 2, 3]
(0, 1.7332530178673953, 1.0)
(2, 0, 0.2741439341036493)
(3, 1.7332530178673953, 1.0)
(4, 0, 0.364611101006129)
(5, 0, 0.3618093416587868)
 
('_______         _________', 0, '______         _______')
 
in kicktopoint
[4, 1, 5, 0, 2, 3]
Motion angle : 0.471777511181
[4, 1, 5, 0, 2, 3]
[4, 1, 5, 0, 2, 3]
[4, 1, 5, 0, 2, 3]
(0, 1.7332530178673953, 1.0)
(2, 0, 0.27558617004286506)
(3, 1.7332530178673953, 1.0)
(4, 0, 0.36461109854820783)
(5, 0, 0.36180937551983766)
 
('_______         _________', 0, '______         _______')
 
in kicktopoint
[4, 1, 5, 0, 2, 3]
Motion angle : 0.471777511181
[4, 1, 5, 0, 2, 3]
[4, 1, 5, 0, 2, 3]
[4, 1, 5, 0, 2, 3]
(0, 1.7332530178673953, 1.0)
(2, 0, 0.2765493388982355)
(3, 1.7332530178673953, 1.0)
(4, 0, 0.3646110963975267)
(5, 0, 0.36180942015612017)
 
('_______         _________', 0, '______         _______')
 
in kicktopoint
[4, 1, 5, 0, 2, 3]
Motion angle : 0.471777511181
[4, 1, 5, 0, 2, 3]
[4, 1, 5, 0, 2, 3]
[4, 1, 5, 0, 2, 3]
(0, 1.7332530178673953, 1.0)
(2, 0, 0.2774393599248871)
(3, 1.7332530178673953, 1.0)
(4, 0, 0.36461109424684557)
(5, 0, 0.3618094596603549)
 
('_______         _________', 0, '______         _______')
 
in kicktopoint
[4, 1, 5, 0, 2, 3]
Motion angle : 0.471777511181
[4, 1, 5, 0, 2, 3]
[4, 1, 5, 0, 2, 3]
[4, 1, 5, 0, 2, 3]
(0, 1.7332530178673953, 1.0)
(2, 0, 0.27829399951524847)
(3, 1.7332530178673953, 1.0)
(4, 0, 0.3646110917889244)
(5, 0, 0.3618095135253755)
 
('_______         _________', 0, '______         _______')
 
in kicktopoint
[4, 1, 5, 0, 2, 3]
Motion angle : 0.471777511181
[4, 1, 5, 0, 2, 3]
[4, 1, 5, 0, 2, 3]
[4, 1, 5, 0, 2, 3]
(0, 1.7332530178673953, 1.0)
(2, 0, 0.2791055135425065)
(3, 1.7332530178673953, 1.0)
(4, 0, 0.3646110893310033)
(5, 0, 0.3618095526894434)
 
('_______         _________', 0, '______         _______')
 
in kicktopoint
[4, 1, 5, 0, 2, 3]
Motion angle : 0.471777511181
[4, 1, 5, 0, 2, 3]
[4, 1, 5, 0, 2, 3]
[4, 1, 5, 0, 2, 3]
(0, 1.7332530178673953, 1.0)
(2, 0, 0.27987908366195857)
(3, 1.7332530178673953, 1.0)
(4, 0, 0.3646110871803222)
(5, 0, 0.3618095725298308)
 
('_______         _________', 0, '______         _______')
 
in kicktopoint
[4, 1, 5, 0, 2, 3]
Motion angle : 0.471777511181
[4, 1, 5, 0, 2, 3]
[4, 1, 5, 0, 2, 3]
[4, 1, 5, 0, 2, 3]
(0, 1.7332530178673953, 1.0)
(2, 0, 0.2805740773762496)
(3, 1.7332530178673953, 1.0)
(4, 0, 0.3646110844151609)
(5, 0, 0.36180960536481355)
 
('_______         _________', 0, '______         _______')
 
in kicktopoint
[4, 1, 5, 0, 2, 3]
Motion angle : 0.471777511181
[4, 1, 5, 0, 2, 3]
[4, 1, 5, 0, 2, 3]
[4, 1, 5, 0, 2, 3]
(0, 1.7332530178673953, 1.0)
(2, 0, 0.2812616453691302)
(3, 1.7332530178673953, 1.0)
(4, 0, 0.36461108257172)
(5, 0, 0.3618096240063022)
 
('_______         _________', 0, '______         _______')
 
in kicktopoint
[4, 1, 5, 0, 2, 3]
Motion angle : 0.471777511181
[4, 1, 5, 0, 2, 3]
[4, 1, 5, 0, 2, 3]
[4, 1, 5, 0, 2, 3]
(0, 1.7332530178673953, 1.0)
(2, 0, 0.281871290345189)
(3, 1.7332530178673953, 1.0)
(4, 0, 0.364611080728279)
(5, 0, 0.3618096547873637)
 
('_______         _________', 0, '______         _______')
 
in kicktopoint
[4, 1, 5, 0, 2, 3]
Motion angle : 0.471777511181
[4, 1, 5, 0, 2, 3]
[4, 1, 5, 0, 2, 3]
[4, 1, 5, 0, 2, 3]
(0, 1.7332530178673953, 1.0)
(2, 0, 0.282468196540927)
(3, 1.7332530178673953, 1.0)
(4, 0, 0.3646110779631176)
(5, 0, 0.36180968899038335)
 
('_______         _________', 0, '______         _______')
 
in kicktopoint
[4, 1, 5, 0, 2, 3]
Motion angle : 0.471777511181
[4, 1, 5, 0, 2, 3]
[4, 1, 5, 0, 2, 3]
[4, 1, 5, 0, 2, 3]
(0, 1.7332530178673953, 1.0)
(2, 0, 0.28298474330893947)
(3, 1.7332530178673953, 1.0)
(4, 0, 0.36461107581243657)
(5, 0, 0.36180971293488356)
 
('_______         _________', 0, '______         _______')
 
in kicktopoint
[4, 1, 5, 0, 2, 3]
Motion angle : 0.471777511181
[4, 1, 5, 0, 2, 3]
[4, 1, 5, 0, 2, 3]
[4, 1, 5, 0, 2, 3]
(0, 1.7332530178673953, 1.0)
(2, 0, 0.2834530897460309)
(3, 1.7332530178673953, 1.0)
(4, 0, 0.36461107335451537)
(5, 0, 0.3618097370467105)
 
('_______         _________', 0, '______         _______')
 
in kicktopoint
[4, 1, 5, 0, 2, 3]
Motion angle : 0.471777511181
[4, 1, 5, 0, 2, 3]
[4, 1, 5, 0, 2, 3]
[4, 1, 5, 0, 2, 3]
(0, 1.7332530178673953, 1.0)
(2, 0, 0.2838752545333579)
(3, 1.7332530178673953, 1.0)
(4, 0, 0.36461107120383424)
(5, 0, 0.3618097544929777)
 
('_______         _________', 0, '______         _______')
 
in kicktopoint
[4, 1, 5, 0, 2, 3]
Motion angle : 0.471777511181
[4, 1, 5, 0, 2, 3]
[4, 1, 5, 0, 2, 3]
[4, 1, 5, 0, 2, 3]
(0, 1.7332530178673953, 1.0)
(2, 0, 0.2842441546011465)
(3, 1.7332530178673953, 1.0)
(4, 0, 0.3646110690531532)
(5, 0, 0.3618097700563422)
 
('_______         _________', 0, '______         _______')
 
in kicktopoint
[4, 1, 5, 0, 2, 3]
Motion angle : 0.471777511181
[4, 1, 5, 0, 2, 3]
[4, 1, 5, 0, 2, 3]
[4, 1, 5, 0, 2, 3]
(0, 1.7332530178673953, 1.0)
(2, 0, 0.28456492881249595)
(3, 1.7332530178673953, 1.0)
(4, 0, 0.3646110669024722)
(5, 0, 0.36180978921265683)
 
('_______         _________', 0, '______         _______')
 
in kicktopoint
[4, 1, 5, 0, 2, 3]
Motion angle : 0.471777511181
[4, 1, 5, 0, 2, 3]
[4, 1, 5, 0, 2, 3]
[4, 1, 5, 0, 2, 3]
(0, 1.7332530178673953, 1.0)
(2, 0, 0.42574531914173686)
(3, 1.7332530178673953, 1.0)
(4, 0, 0.3646110644445509)
(5, 0, 0.36180980374815114)
 
('_______         _________', 0, '______         _______')
 
in kicktopoint
[4, 1, 5, 0, 2, 3]
Motion angle : 0.471777511181
[4, 1, 5, 0, 2, 3]
[4, 1, 5, 0, 2, 3]
[4, 1, 5, 0, 2, 3]
(0, 1.7332530178673953, 1.0)
(2, 0, 0.42547973876962286)
(3, 1.7332530178673953, 1.0)
(4, 0, 0.3646110619866297)
(5, 0, 0.36180984701627406)
 
('_______         _________', 0, '______         _______')
 
in kicktopoint
[4, 1, 5, 0, 2, 3]
Motion angle : 0.471777511181
[4, 1, 5, 0, 2, 3]
[4, 1, 5, 0, 2, 3]
[4, 1, 5, 0, 2, 3]
(0, 1.7332530178673953, 1.0)
(2, 0, 0.42527190524281644)
(3, 1.7332530178673953, 1.0)
(4, 0, 0.3646110595287085)
(5, 0, 0.3618098425719486)
 
('_______         _________', 0, '______         _______')
 
in kicktopoint
[4, 1, 5, 0, 2, 3]
Motion angle : 0.471777511181
[4, 1, 5, 0, 2, 3]
[4, 1, 5, 0, 2, 3]
[4, 1, 5, 0, 2, 3]
(0, 1.7332530178673953, 1.0)
(2, 0, 0.4250819852815657)
(3, 1.7332530178673953, 1.0)
(4, 0, 0.36461105737802735)
(5, 0, 0.361809821192572)
 
('_______         _________', 0, '______         _______')
 
in kicktopoint
[4, 1, 5, 0, 2, 3]
Motion angle : 0.471777511181
[4, 1, 5, 0, 2, 3]
[4, 1, 5, 0, 2, 3]
[4, 1, 5, 0, 2, 3]
(0, 1.7332530178673953, 1.0)
(2, 0, 0.42498434790807876)
(3, 1.7332530178673953, 1.0)
(4, 0, 0.3646110552273463)
(5, 0, 0.3618097840788207)
 
('_______         _________', 0, '______         _______')
 
in kicktopoint
[4, 1, 5, 0, 2, 3]
Motion angle : 0.471777511181
[4, 1, 5, 0, 2, 3]
[4, 1, 5, 0, 2, 3]
[4, 1, 5, 0, 2, 3]
(0, 1.7332530178673953, 1.0)
(2, 0, 0.42494210067667537)
(3, 1.7332530178673953, 1.0)
(4, 0, 0.36461105246218495)
(5, 0, 0.36180990790525613)
 
('_______         _________', 0, '______         _______')
 
in kicktopoint
[4, 1, 5, 0, 2, 3]
Motion angle : 0.471777511181
[4, 1, 5, 0, 2, 3]
[4, 1, 5, 0, 2, 3]
[4, 1, 5, 0, 2, 3]
(0, 1.7332530178673953, 1.0)
(2, 0, 0.4249210084777758)
(3, 1.7332530178673953, 1.0)
(4, 0, 0.364611050618744)
(5, 0, 0.36180988652589957)
 
('_______         _________', 0, '______         _______')
 
in kicktopoint
[4, 1, 5, 0, 2, 3]
Motion angle : 0.471777511181
[4, 1, 5, 0, 2, 3]
[4, 1, 5, 0, 2, 3]
[4, 1, 5, 0, 2, 3]
(0, 1.7332530178673953, 1.0)
(2, 0, 0.4249896645155782)
(3, 1.7332530178673953, 1.0)
(4, 0, 0.3646110484680628)
(5, 0, 0.36180988652589957)
 
('_______         _________', 0, '______         _______')
 
in kicktopoint
[4, 1, 5, 0, 2, 3]
Motion angle : 0.471777511181
[4, 1, 5, 0, 2, 3]
[4, 1, 5, 0, 2, 3]
[4, 1, 5, 0, 2, 3]
(0, 1.7332530178673953, 1.0)
(2, 0, 0.42507929649528187)
(3, 1.7332530178673953, 1.0)
(4, 0, 0.3646110453956613)
(5, 0, 0.3618098935389552)
 
('_______         _________', 0, '______         _______')
 
in kicktopoint
[4, 1, 5, 0, 2, 3]
Motion angle : 0.471777511181
[4, 1, 5, 0, 2, 3]
[4, 1, 5, 0, 2, 3]
[4, 1, 5, 0, 2, 3]
(0, 1.7332530178673953, 1.0)
(2, 0, 0.4252647786099363)
(3, 1.7332530178673953, 1.0)
(4, 0, 0.36461104355222035)
(5, 0, 0.36180990106502675)
 
('_______         _________', 0, '______         _______')
 
in kicktopoint
[4, 1, 5, 0, 2, 3]
Motion angle : 0.471777511181
[4, 1, 5, 0, 2, 3]
[4, 1, 5, 0, 2, 3]
[4, 1, 5, 0, 2, 3]
(0, 1.7332530178673953, 1.0)
(2, 0, 0.42546468120391556)
(3, 1.7332530178673953, 1.0)
(4, 0, 0.3646110410942991)
(5, 0, 0.36180991132718826)
 
('_______         _________', 0, '______         _______')
 
in kicktopoint
[4, 1, 5, 0, 2, 3]
Motion angle : 0.471777511181
[4, 1, 5, 0, 2, 3]
[4, 1, 5, 0, 2, 3]
[4, 1, 5, 0, 2, 3]
(0, 1.7332530178673953, 1.0)
(2, 0, 0.42576021492460764)
(3, 1.7332530178673953, 1.0)
(4, 0, 0.36461103925085825)
(5, 0, 0.3618099121858497)
 
('_______         _________', 0, '______         _______')
 
in kicktopoint
[4, 1, 5, 0, 2, 3]
Motion angle : 0.471777511181
[4, 1, 5, 0, 2, 3]
[4, 1, 5, 0, 2, 3]
[4, 1, 5, 0, 2, 3]
(0, 0, 0.37184778887360204)
(2, 0, 0.42607253324333055)
(3, 1.7332530178673953, 1.0)
(4, 0, 0.3646110374074172)
(5, 0, 0.36180992484027197)
 
('_______         _________', 0, '______         _______')
 
in kicktopoint
[4, 1, 5, 0, 2, 3]
Motion angle : 0.471777511181
[4, 1, 5, 0, 2, 3]
[4, 1, 5, 0, 2, 3]
[4, 1, 5, 0, 2, 3]
(0, 0, 0.31469411985971935)
(2, 0, 0.4264768877835954)
(3, 1.7332530178673953, 1.0)
(4, 0, 0.36461103494949604)
(5, 0, 0.3618099304852746)
 
('_______         _________', 0, '______         _______')
 
in kicktopoint
[4, 1, 5, 0, 2, 3]
Motion angle : 0.471777511181
[4, 1, 5, 0, 2, 3]
[4, 1, 5, 0, 2, 3]
[4, 1, 5, 0, 2, 3]
(0, 0, 0.26018227033318)
(2, 0, 0.42690020988963523)
(3, 1.7332530178673953, 1.0)
(4, 0, 0.36461103249157484)
(5, 0, 0.36180993373619635)
 
('_______         _________', 0, '______         _______')
 
in kicktopoint
[4, 1, 5, 0, 2, 3]
Motion angle : 0.471777511181
[4, 1, 5, 0, 2, 3]
[4, 1, 5, 0, 2, 3]
[4, 1, 5, 0, 2, 3]
(0, 0, 0.20858581999887954)
(2, 0, 0.4274148108241421)
(3, 1.7332530178673953, 1.0)
(4, 0, 0.3646110300336536)
(5, 0, 0.36180994468056016)
 
('_______         _________', 0, '______         _______')
 
in kicktopoint
[4, 1, 5, 0, 2, 3]
Motion angle : 0.471777511181
[4, 1, 5, 0, 2, 3]
[4, 1, 5, 0, 2, 3]
[4, 1, 5, 0, 2, 3]
(0, 0, 0.24801606806658688)
(2, 0, 0.28133389403131037)
(3, 1.7332530178673953, 1.0)
(4, 0, 0.3646110281902126)
(5, 0, 0.3618099436563384)
 
('_______         _________', 0, '______         _______')
 
in kicktopoint
[4, 1, 5, 0, 2, 3]
Motion angle : 0.471777511181
[4, 1, 5, 0, 2, 3]
[4, 1, 5, 0, 2, 3]
[4, 1, 5, 0, 2, 3]
(0, 0, 0.29967669648575185)
(2, 0, 0.2806388846424745)
(3, 1.7332530178673953, 1.0)
(4, 0, 0.3646110260395315)
(5, 0, 0.3618099475912803)
 
('_______         _________', 0, '______         _______')
 
in kicktopoint
[4, 1, 5, 0, 2, 3]
Motion angle : 0.471777511181
[4, 1, 5, 0, 2, 3]
[4, 1, 5, 0, 2, 3]
[4, 1, 5, 0, 2, 3]
(0, 0, 0.3491670812486975)
(2, 0, 0.2798847015137615)
(3, 1.7332530178673953, 1.0)
(4, 0, 0.3646110232743701)
(5, 0, 0.3618099573386033)
 
('_______         _________', 0, '______         _______')
 
in kicktopoint
[4, 1, 5, 0, 2, 3]
Motion angle : 0.471777511181
[4, 1, 5, 0, 2, 3]
[4, 1, 5, 0, 2, 3]
[4, 1, 5, 0, 2, 3]
(0, 0, 0.3964548739944109)
(2, 0, 0.2790749675037272)
(3, 1.7332530178673953, 1.0)
(4, 0, 0.36461102143092916)
(5, 0, 0.36180995836644747)
 
('_______         _________', 0, '______         _______')
 
in kicktopoint
[4, 1, 5, 0, 2, 3]
Motion angle : 0.471777511181
[4, 1, 5, 0, 2, 3]
[4, 1, 5, 0, 2, 3]
[4, 1, 5, 0, 2, 3]
(0, 1.7332530178673953, 1.0)
(2, 0, 0.27820671128668933)
(3, 1.7332530178673953, 1.0)
(4, 0, 0.3646110189730079)
(5, 0, 0.3618099506748119)
 
('_______         _________', 0, '______         _______')
 
in kicktopoint
[4, 1, 5, 0, 2, 3]
Motion angle : 0.471777511181
[4, 1, 5, 0, 2, 3]
[4, 1, 5, 0, 2, 3]
[4, 1, 5, 0, 2, 3]
(0, 1.7332530178673953, 1.0)
(2, 0, 0.2772803243135438)
(3, 1.7332530178673953, 1.0)
(4, 0, 0.3646110162078464)
(5, 0, 0.361809950847626)
 
('_______         _________', 0, '______         _______')
 
in kicktopoint
[4, 1, 5, 0, 2, 3]
Motion angle : 0.471777511181
[4, 1, 5, 0, 2, 3]
[4, 1, 5, 0, 2, 3]
[4, 1, 5, 0, 2, 3]
(0, 1.7332530178673953, 1.0)
(2, 0, 0.2762997603448695)
(3, 1.7332530178673953, 1.0)
(4, 0, 0.36461101436440546)
(5, 0, 0.3618099493103833)
 
('_______         _________', 0, '______         _______')
 
in kicktopoint
[4, 1, 5, 0, 2, 3]
Motion angle : 0.471777511181
[4, 1, 5, 0, 2, 3]
[4, 1, 5, 0, 2, 3]
[4, 1, 5, 0, 2, 3]
(0, 1.7332530178673953, 1.0)
(2, 0, 0.27529734134051903)
(3, 1.7332530178673953, 1.0)
(4, 0, 0.36461101221372444)
(5, 0, 0.36180994247377285)
 
('_______         _________', 0, '______         _______')
 
in kicktopoint
[4, 1, 5, 0, 2, 3]
Motion angle : 0.471777511181
[4, 1, 5, 0, 2, 3]
[4, 1, 5, 0, 2, 3]
[4, 1, 5, 0, 2, 3]
(0, 1.7332530178673953, 1.0)
(2, 0, 0.2712594575853087)
(3, 1.7332530178673953, 1.0)
(4, 0, 0.36461100944856295)
(5, 0, 0.36180994042351206)
 
('_______         _________', 0, '______         _______')
 
in kicktopoint
[4, 1, 5, 0, 2, 3]
Motion angle : 0.471777511181
[4, 1, 5, 0, 2, 3]
[4, 1, 5, 0, 2, 3]
[4, 1, 5, 0, 2, 3]
(0, 1.7332530178673953, 1.0)
(2, 0, 0.2600806581810393)
(3, 1.7332530178673953, 1.0)
(4, 0, 0.364611007605122)
(5, 0, 0.361809949313997)
 
('_______         _________', 0, '______         _______')
 
in kicktopoint
[4, 1, 5, 0, 2, 3]
Motion angle : 0.471777511181
[4, 1, 5, 0, 2, 3]
[4, 1, 5, 0, 2, 3]
[4, 1, 5, 0, 2, 3]
(0, 1.7332530178673953, 1.0)
(2, 0, 0.24833748510140022)
(3, 1.7332530178673953, 1.0)
(4, 0, 0.3646110054544409)
(5, 0, 0.3618099532471257)
 
('_______         _________', 0, '______         _______')
 
in kicktopoint
[4, 1, 5, 0, 2, 3]
Motion angle : 0.471777511181
[4, 1, 5, 0, 2, 3]
[4, 1, 5, 0, 2, 3]
[4, 1, 5, 0, 2, 3]
(0, 1.7332530178673953, 1.0)
(2, 0, 0.23605350773982178)
(3, 1.7332530178673953, 1.0)
(4, 0, 0.3646110023820393)
(5, 0, 0.36180994880278605)
 
('_______         _________', 0, '______         _______')
 
in kicktopoint
[4, 1, 5, 0, 2, 3]
Motion angle : 0.471777511181
[4, 1, 5, 0, 2, 3]
[4, 1, 5, 0, 2, 3]
[4, 1, 5, 0, 2, 3]
(0, 1.7332530178673953, 1.0)
(2, 0, 0.22322531736025852)
(3, 1.7332530178673953, 1.0)
(4, 0, 0.36461100084583853)
(5, 0, 0.3618099457264907)
 
('_______         _________', 0, '______         _______')
 
in kicktopoint
[4, 1, 5, 0, 2, 3]
Motion angle : 0.471777511181
[4, 1, 5, 0, 2, 3]
[4, 1, 5, 0, 2, 3]
[4, 1, 5, 0, 2, 3]
(0, 1.7332530178673953, 1.0)
(2, 0, 0.20984788125140086)
(3, 1.7332530178673953, 1.0)
(4, 0, 0.36461099869515745)
(5, 0, 0.3618099416241617)
 
('_______         _________', 0, '______         _______')
 
in kicktopoint
[4, 1, 5, 0, 2, 3]
Motion angle : 0.471777511181
[4, 1, 5, 0, 2, 3]
[4, 1, 5, 0, 2, 3]
[4, 1, 5, 0, 2, 3]
(0, 1.7332530178673953, 1.0)
(2, 0, 0.19617914341176582)
(3, 1.7332530178673953, 1.0)
(4, 0, 0.36461099623723614)
(5, 0, 0.36180993666680444)
 
('_______         _________', 0, '______         _______')
 
in kicktopoint
[4, 1, 5, 0, 2, 3]
Motion angle : 0.471777511181
[4, 1, 5, 0, 2, 3]
[4, 1, 5, 0, 2, 3]
[4, 1, 5, 0, 2, 3]
(0, 1.7332530178673953, 1.0)
(2, 0, 0.1818092383394038)
(3, 1.7332530178673953, 1.0)
(4, 0, 0.364610994086555)
(5, 0, 0.3618099308544192)
 
('_______         _________', 0, '______         _______')
 
in kicktopoint
[4, 1, 5, 0, 2, 3]
Motion angle : 0.471777511181
[4, 1, 5, 0, 2, 3]
[4, 1, 5, 0, 2, 3]
[4, 1, 5, 0, 2, 3]
(0, 1.7332530178673953, 1.0)
(2, 0, 0.16714598026289026)
(3, 1.7332530178673953, 1.0)
(4, 0, 0.36461099132139346)
(5, 0, 0.3618099252130397)
 
('_______         _________', 0, '______         _______')
 
in kicktopoint
[4, 1, 5, 0, 2, 3]
Motion angle : 0.471777511181
[4, 1, 5, 0, 2, 3]
[4, 1, 5, 0, 2, 3]
[4, 1, 5, 0, 2, 3]
(0, 1.7332530178673953, 1.0)
(2, 0, 0.16287111977809884)
(3, 1.7332530178673953, 1.0)
(4, 0, 0.36461098947795256)
(5, 0, 0.3618099258970619)
 
('_______         _________', 0, '______         _______')
 
in kicktopoint
[4, 1, 5, 0, 2, 3]
Motion angle : 0.471777511181
[4, 1, 5, 0, 2, 3]
[4, 1, 5, 0, 2, 3]
[4, 1, 5, 0, 2, 3]
(0, 1.7332530178673953, 1.0)
(2, 0, 0.17708647607176717)
(3, 1.7332530178673953, 1.0)
(4, 0, 0.3646109873272715)
(5, 0, 0.3618099195716599)
 
('_______         _________', 0, '______         _______')
 
in kicktopoint
[4, 1, 5, 0, 2, 3]
Motion angle : 0.471777511181
[4, 1, 5, 0, 2, 3]
[4, 1, 5, 0, 2, 3]
[4, 1, 5, 0, 2, 3]
(0, 1.7332530178673953, 1.0)
(2, 0, 0.19194198808064555)
(3, 1.7332530178673953, 1.0)
(4, 0, 0.3646109851765903)
(5, 0, 0.361809912904247)
 
('_______         _________', 0, '______         _______')
 
in kicktopoint
[4, 1, 5, 0, 2, 3]
Motion angle : 0.471777511181
[4, 1, 5, 0, 2, 3]
[4, 1, 5, 0, 2, 3]
[4, 1, 5, 0, 2, 3]
(0, 1.7332530178673953, 1.0)
(2, 0, 0.20696063138642198)
(3, 1.7332530178673953, 1.0)
(4, 0, 0.3646109833331494)
(5, 0, 0.36180991256223594)
 
('_______         _________', 0, '______         _______')
 
in kicktopoint
[4, 1, 5, 0, 2, 3]
Motion angle : 0.471777511181
[4, 1, 5, 0, 2, 3]
[4, 1, 5, 0, 2, 3]
[4, 1, 5, 0, 2, 3]
(0, 1.7332530178673953, 1.0)
(2, 0, 0.22258179120068294)
(3, 1.7332530178673953, 1.0)
(4, 0, 0.3646109808752281)
(5, 0, 0.36180991170720844)
 
('_______         _________', 0, '______         _______')
 
in kicktopoint
[4, 1, 5, 0, 2, 3]
Motion angle : 0.471777511181
[4, 1, 5, 0, 2, 3]
[4, 1, 5, 0, 2, 3]
[4, 1, 5, 0, 2, 3]
(0, 1.7332530178673953, 1.0)
(2, 0, 0.238517419061274)
(3, 1.7332530178673953, 1.0)
(4, 0, 0.3646109784173068)
(5, 0, 0.3618099045267789)
 
('_______         _________', 0, '______         _______')
 
in kicktopoint
[4, 1, 5, 0, 2, 3]
Motion angle : 0.471777511181
[4, 1, 5, 0, 2, 3]
[4, 1, 5, 0, 2, 3]
[4, 1, 5, 0, 2, 3]
(0, 1.7332530178673953, 1.0)
(2, 0, 0.2547660211956153)
(3, 1.7332530178673953, 1.0)
(4, 0, 0.3646109762666256)
(5, 0, 0.36180989666232755)
 
('_______         _________', 0, '______         _______')
 
in kicktopoint
[4, 1, 5, 0, 2, 3]
Motion angle : 0.471777511181
[4, 1, 5, 0, 2, 3]
[4, 1, 5, 0, 2, 3]
[4, 1, 5, 0, 2, 3]
(0, 1.7332530178673953, 1.0)
(2, 0, 0.2715514799093491)
(3, 1.7332530178673953, 1.0)
(4, 0, 0.3646109738087043)
(5, 0, 0.36180989563629445)
 
('_______         _________', 0, '______         _______')
 
in kicktopoint
[4, 1, 5, 0, 2, 3]
Motion angle : 0.471777511181
[4, 1, 5, 0, 2, 3]
[4, 1, 5, 0, 2, 3]
[4, 1, 5, 0, 2, 3]
(0, 1.7332530178673953, 1.0)
(2, 0, 0.28837999576873513)
(3, 1.7332530178673953, 1.0)
(4, 0, 0.3646109716580232)
(5, 0, 0.3618098874298324)
 
('_______         _________', 0, '______         _______')
 
in kicktopoint
[4, 1, 5, 0, 2, 3]
Motion angle : 0.471777511181
[4, 1, 5, 0, 2, 3]
[4, 1, 5, 0, 2, 3]
[4, 1, 5, 0, 2, 3]
(0, 1.7332530178673953, 1.0)
(2, 0, 0.3056396212431307)
(3, 1.7332530178673953, 1.0)
(4, 0, 0.36461096950734206)
(5, 0, 0.3618098727269634)
 
('_______         _________', 0, '______         _______')
 
in kicktopoint
[4, 1, 5, 0, 2, 3]
Motion angle : 0.471777511181
[4, 1, 5, 0, 2, 3]
[4, 1, 5, 0, 2, 3]
[4, 1, 5, 0, 2, 3]
(0, 1.7332530178673953, 1.0)
(2, 0, 0.4610866839398581)
(3, 1.7332530178673953, 1.0)
(4, 0, 0.36461096735666093)
(5, 0, 0.36180986366547435)
 
('_______         _________', 0, '______         _______')
 
in kicktopoint
[4, 1, 5, 0, 2, 3]
Motion angle : 0.471777511181
[4, 1, 5, 0, 2, 3]
[4, 1, 5, 0, 2, 3]
[4, 1, 5, 0, 2, 3]
(0, 1.7332530178673953, 1.0)
(2, 0, 0.46281852386729905)
(3, 1.7332530178673953, 1.0)
(4, 0, 0.36461096520597974)
(5, 0, 0.36180986178441404)
 
('_______         _________', 0, '______         _______')
 
in kicktopoint
[4, 1, 5, 0, 2, 3]
Motion angle : 0.471777511181
[4, 1, 5, 0, 2, 3]
[4, 1, 5, 0, 2, 3]
[4, 1, 5, 0, 2, 3]
(0, 1.7332530178673953, 1.0)
(2, 0, 0.4645168225452342)
(3, 1.7332530178673953, 1.0)
(4, 0, 0.3646109627480585)
(5, 0, 0.36180985870631555)
 
('_______         _________', 0, '______         _______')
 
in kicktopoint
[4, 1, 5, 0, 2, 3]
Motion angle : 0.471777511181
[4, 1, 5, 0, 2, 3]
[4, 1, 5, 0, 2, 3]
[4, 1, 5, 0, 2, 3]
(0, 1.7332530178673953, 1.0)
(2, 0, 0.4662638126962007)
(3, 1.7332530178673953, 1.0)
(4, 0, 0.36461096059737735)
(5, 0, 0.3618098559702278)
 
('_______         _________', 0, '______         _______')
 
in kicktopoint
[4, 1, 5, 0, 2, 3]
Motion angle : 0.471777511181
[4, 1, 5, 0, 2, 3]
[4, 1, 5, 0, 2, 3]
[4, 1, 5, 0, 2, 3]
(0, 1.7332530178673953, 1.0)
(2, 0, 0.46800714743298777)
(3, 1.7332530178673953, 1.0)
(4, 0, 0.3646109525098819)
(5, 0, 0.3618098409253497)
 
('_______         _________', 0, '______         _______')
 
in kicktopoint
[4, 1, 5, 0, 2, 3]
Motion angle : 0.471777511181
[4, 1, 5, 0, 2, 3]
[4, 1, 5, 0, 2, 3]
[4, 1, 5, 0, 2, 3]
(0, 1.7332530178673953, 1.0)
(2, 0, 0.4697495265923447)
(3, 1.7332530178673953, 1.0)
(4, 0, 0.3646109500519607)
(5, 0, 0.36180983647920767)
 
('_______         _________', 0, '______         _______')
 
in kicktopoint
[4, 1, 5, 0, 2, 3]
Motion angle : 0.471777511181
[4, 1, 5, 0, 2, 3]
[4, 1, 5, 0, 2, 3]
[4, 1, 5, 0, 2, 3]
(0, 1.7332530178673953, 1.0)
(2, 0, 0.47153375977024603)
(3, 1.7332530178673953, 1.0)
(4, 0, 0.3646109479012796)
(5, 0, 0.36180982553665997)
 
('_______         _________', 0, '______         _______')
 
in kicktopoint
[4, 1, 5, 0, 2, 3]
Motion angle : 0.471777511181
[4, 1, 5, 0, 2, 3]
[4, 1, 5, 0, 2, 3]
[4, 1, 5, 0, 2, 3]
(0, 1.7332530178673953, 1.0)
(2, 0, 0.4733069026145676)
(3, 1.7332530178673953, 1.0)
(4, 0, 0.36461094575059866)
(5, 0, 0.3618098395555045)
 
('_______         _________', 0, '______         _______')
 
in kicktopoint
[4, 1, 5, 0, 2, 3]
Motion angle : 0.471777511181
[4, 1, 5, 0, 2, 3]
[4, 1, 5, 0, 2, 3]
[4, 1, 5, 0, 2, 3]
(0, 1.7332530178673953, 1.0)
(2, 0, 0.47507199210595774)
(3, 1.7332530178673953, 1.0)
(4, 0, 0.3646109435999176)
(5, 0, 0.36180984690873946)
 
('_______         _________', 0, '______         _______')
 
in kicktopoint
[4, 1, 5, 0, 2, 3]
Motion angle : 0.471777511181
[4, 1, 5, 0, 2, 3]
[4, 1, 5, 0, 2, 3]
[4, 1, 5, 0, 2, 3]
(0, 1.7332530178673953, 1.0)
(2, 0, 0.47683242659509195)
(3, 1.7332530178673953, 1.0)
(4, 0, 0.36461094144923645)
(5, 0, 0.3618098330590986)
 
('_______         _________', 0, '______         _______')
 
in kicktopoint
[4, 1, 5, 0, 2, 3]
Motion angle : 0.471777511181
[4, 1, 5, 0, 2, 3]
[4, 1, 5, 0, 2, 3]
[4, 1, 5, 0, 2, 3]
(0, 1.7332530178673953, 1.0)
(2, 0, 0.47857444946107786)
(3, 1.7332530178673953, 1.0)
(4, 0, 0.36461093929855537)
(5, 0, 0.361809815276333)
 
('_______         _________', 0, '______         _______')
 
in kicktopoint
[4, 1, 5, 0, 2, 3]
Motion angle : 0.471777511181
[4, 1, 5, 0, 2, 3]
