Initializing the node 
[4, 3, 5, 0, 1, 2]
(0, 1.7332530178673953, 1.0)
(1, 1.7332530178673953, 1.0)
[[0.3552048022879726, 1], [0.10197409572032345, 0]]
(2, 1.7332530178673953, 1.0)
[[0.16292404258983018, 1], [0.0, 0]]
(4, 0, 0.32027452690409985)
(5, 0, 0.2087149652022153)
 
('_______         _________', 2, '______         _______')
 
[[0.16292404258983018, 1], [0.0, 0]]
executing goToBall
_____________in break____________
(0, 165.92760444930656, 1607.2453852290369, -92.9846520724178)
_____________in break____________
(1, 297.3826645492593, -1975.2886183763314, 97.18048525894254)
(0.19007577127377662, 0.04)
aligning

align
[4, 3, 5, 0, 1, 2]
(0, 1.7332530178673953, 1.0)
(1, 1.7332530178673953, 1.0)
[[0.3552048022879726, 1], [0.10197409572032345, 0]]
(2, 1.7332530178673953, 1.0)
[[0.16292404258983018, 1], [0.0, 0]]
(4, 0, 0.3202745269040936)
(5, 0, 0.2087149652022087)
 
('_______         _________', 2, '______         _______')
 
[[0.16292404258983018, 1], [0.0, 0]]
executing goToBall
_____________in break____________
(0, 165.92760444930656, 1607.2453852290369, -92.9846520724178)
_____________in break____________
(1, 297.3826645492593, -1975.2886183763314, 97.18048525894254)
(0.19007577127377662, 0.04)
aligning

align
[4, 3, 5, 0, 1, 2]
(0, 1.7332530178673953, 1.0)
(1, 1.7332530178673953, 1.0)
[[0.3552048022879726, 1], [0.10197409572032345, 0]]
(2, 1.7332530178673953, 1.0)
[[0.16292404258983018, 1], [0.0, 0]]
(4, 0, 0.3202745269040978)
(5, 0, 0.20871496520221314)
 
('_______         _________', 2, '______         _______')
 
[[0.16292404258983018, 1], [0.0, 0]]
executing goToBall
_____________in break____________
(0, 165.92760444930656, 1607.2453852290369, -92.9846520724178)
_____________in break____________
(1, 297.3826645492593, -1975.2886183763314, 97.18048525894254)
(0.18940538514523553, 0.04)
aligning

align
[4, 3, 5, 0, 1, 2]
(0, 1.7332530178673953, 1.0)
(1, 1.7332530178673953, 1.0)
[[0.3552048022879726, 1], [0.10197409572032345, 0]]
(2, 1.7332530178673953, 1.0)
[[0.16292404258983018, 1], [0.0, 0]]
(4, 0, 0.32027452690409586)
(5, 0, 0.20871496520221108)
 
('_______         _________', 2, '______         _______')
 
[[0.16292404258983018, 1], [0.0, 0]]
executing goToBall
_____________in break____________
(0, 165.92760444930656, 1607.2453852290369, -92.9846520724178)
_____________in break____________
(1, 297.3826645492593, -1975.2886183763314, 97.18048525894254)
(0.18940538514523553, 0.04)
aligning

align
[4, 3, 5, 0, 1, 2]
(0, 1.7332530178673953, 1.0)
(1, 1.7332530178673953, 1.0)
[[0.3552048022879726, 1], [0.10197409572032345, 0]]
(2, 1.7332530178673953, 1.0)
[[0.16292404258983018, 1], [0.0, 0]]
(4, 0, 0.3202745269040791)
(5, 0, 0.2087149652021934)
 
('_______         _________', 2, '______         _______')
 
[[0.16292404258983018, 1], [0.0, 0]]
executing goToBall
_____________in break____________
(0, 165.92760444930656, 1607.2453852290369, -92.9846520724178)
_____________in break____________
(1, 297.3826645492593, -1975.2886183763314, 97.18048525894254)
(0.18940538514523553, 0.04)
aligning

align
[4, 3, 5, 0, 1, 2]
(0, 1.7332530178673953, 1.0)
(1, 1.7332530178673953, 1.0)
[[0.3552048022879726, 1], [0.10197409572032345, 0]]
(2, 1.7332530178673953, 1.0)
[[0.16292404258983018, 1], [0.0, 0]]
(4, 0, 0.3202745269040534)
(5, 0, 0.20871496520216623)
 
('_______         _________', 2, '______         _______')
 
[[0.16292404258983018, 1], [0.0, 0]]
executing goToBall
_____________in break____________
(0, 165.92760444930656, 1607.2453852290369, -92.9846520724178)
_____________in break____________
(1, 297.3826645492593, -1975.2886183763314, 97.18048525894254)
(0.18940538514523553, 0.04)
aligning

align
[4, 3, 5, 0, 1, 2]
(0, 1.7332530178673953, 1.0)
(1, 1.7332530178673953, 1.0)
[[0.3552048022879726, 1], [0.10197409572032345, 0]]
(2, 1.7332530178673953, 1.0)
[[0.16292404258983018, 1], [0.0, 0]]
(4, 0, 0.3202745269040538)
(5, 0, 0.20871496520216665)
 
('_______         _________', 2, '______         _______')
 
[[0.16292404258983018, 1], [0.0, 0]]
executing goToBall
_____________in break____________
(0, 165.92760444930656, 1607.2453852290369, -92.9846520724178)
_____________in break____________
(1, 297.3826645492593, -1975.2886183763314, 97.18048525894254)
(0.18940538514523553, 0.04)
aligning

align
[4, 3, 5, 0, 1, 2]
(0, 1.7332530178673953, 1.0)
(1, 1.7332530178673953, 1.0)
[[0.3552048022879726, 1], [0.10197409572032345, 0]]
(2, 1.7332530178673953, 1.0)
[[0.16292404258983018, 1], [0.0, 0]]
(4, 0, 0.32027452690405106)
(5, 0, 0.20871496520216376)
 
('_______         _________', 2, '______         _______')
 
[[0.16292404258983018, 1], [0.0, 0]]
executing goToBall
_____________in break____________
(0, 165.92760444930656, 1607.2453852290369, -92.9846520724178)
_____________in break____________
(1, 297.3826645492593, -1975.2886183763314, 97.18048525894254)
(0.18940538514523553, 0.04)
aligning

align
[4, 3, 5, 0, 1, 2]
(0, 1.7332530178673953, 1.0)
(1, 1.7332530178673953, 1.0)
[[0.3552048022879726, 1], [0.10197409572032345, 0]]
(2, 1.7332530178673953, 1.0)
[[0.16292404258983018, 1], [0.0, 0]]
(4, 0, 0.3202745269040588)
(5, 0, 0.20871496520217192)
 
('_______         _________', 2, '______         _______')
 
[[0.16292404258983018, 1], [0.0, 0]]
executing goToBall
_____________in break____________
(0, 165.92760444930656, 1607.2453852290369, -92.9846520724178)
_____________in break____________
(1, 297.3826645492593, -1975.2886183763314, 97.18048525894254)
(0.18940538514523553, 0.04)
aligning

align
[4, 3, 5, 0, 1, 2]
(0, 1.7332530178673953, 1.0)
(1, 1.7332530178673953, 1.0)
[[0.3552048022879726, 1], [0.10197409572032345, 0]]
(2, 1.7332530178673953, 1.0)
[[0.16292404258983018, 1], [0.0, 0]]
(4, 0, 0.32027452690406344)
(5, 0, 0.20871496520217686)
 
('_______         _________', 2, '______         _______')
 
[[0.16292404258983018, 1], [0.0, 0]]
executing goToBall
_____________in break____________
(0, 165.92760444930656, 1607.2453852290369, -92.9846520724178)
_____________in break____________
(1, 297.3826645492593, -1975.2886183763314, 97.18048525894254)
(0.1887355205148875, 0.04)
aligning

align
[4, 3, 5, 0, 1, 2]
(0, 1.7332530178673953, 1.0)
(1, 1.7332530178673953, 1.0)
[[0.3552048022879726, 1], [0.10197409572032345, 0]]
(2, 1.7332530178673953, 1.0)
[[0.16292404258983018, 1], [0.0, 0]]
(4, 0, 0.3202745269040702)
(5, 0, 0.208714965202184)
 
('_______         _________', 2, '______         _______')
 
[[0.16292404258983018, 1], [0.0, 0]]
executing goToBall
_____________in break____________
(0, 165.92760444930656, 1607.2453852290369, -92.9846520724178)
_____________in break____________
(1, 297.3826645492593, -1975.2886183763314, 97.18048525894254)
(0.1887355205148875, 0.04)
aligning

align
[4, 3, 5, 0, 1, 2]
(0, 1.7332530178673953, 1.0)
(1, 1.7332530178673953, 1.0)
[[0.3552048022879726, 1], [0.10197409572032345, 0]]
(2, 1.7332530178673953, 1.0)
[[0.16292404258983018, 1], [0.0, 0]]
(4, 0, 0.32027452690406316)
(5, 0, 0.20871496520217656)
 
('_______         _________', 2, '______         _______')
 
[[0.16292404258983018, 1], [0.0, 0]]
executing goToBall
_____________in break____________
(0, 165.92760444930656, 1607.2453852290369, -92.9846520724178)
_____________in break____________
(1, 297.3826645492593, -1975.2886183763314, 97.18048525894254)
(0.1887355205148875, 0.04)
aligning

align
[4, 3, 5, 0, 1, 2]
(0, 1.7332530178673953, 1.0)
(1, 1.7332530178673953, 1.0)
[[0.3552048022879726, 1], [0.10197409572032345, 0]]
(2, 1.7332530178673953, 1.0)
[[0.16292404258983018, 1], [0.0, 0]]
(4, 0, 0.32027452690407293)
(5, 0, 0.2087149652021868)
 
('_______         _________', 2, '______         _______')
 
[[0.16292404258983018, 1], [0.0, 0]]
executing goToBall
_____________in break____________
(0, 165.92760444930656, 1607.2453852290369, -92.9846520724178)
_____________in break____________
(1, 297.3826645492593, -1975.2886183763314, 97.18048525894254)
(0.1887355205148875, 0.04)
aligning

align
[4, 3, 5, 0, 1, 2]
(0, 1.7332530178673953, 1.0)
(1, 1.7332530178673953, 1.0)
[[0.3552048022879726, 1], [0.10197409572032345, 0]]
(2, 1.7332530178673953, 1.0)
[[0.16292404258983018, 1], [0.0, 0]]
(4, 0, 0.32027452690411845)
(5, 0, 0.20871496520223493)
 
('_______         _________', 2, '______         _______')
 
[[0.16292404258983018, 1], [0.0, 0]]
executing goToBall
_____________in break____________
(0, 165.92760444930656, 1607.2453852290369, -92.9846520724178)
_____________in break____________
(1, 297.3826645492593, -1975.2886183763314, 97.18048525894254)
(0.1887355205148875, 0.04)
aligning

align
[4, 3, 5, 0, 1, 2]
(0, 1.7332530178673953, 1.0)
(1, 1.7332530178673953, 1.0)
[[0.3552048022879726, 1], [0.10197409572032345, 0]]
(2, 1.7332530178673953, 1.0)
[[0.16292404258983018, 1], [0.0, 0]]
(4, 0, 0.32027452690415714)
(5, 0, 0.20871496520227575)
 
('_______         _________', 2, '______         _______')
 
[[0.16292404258983018, 1], [0.0, 0]]
executing goToBall
_____________in break____________
(0, 165.92760444930656, 1607.2453852290369, -92.9846520724178)
_____________in break____________
(1, 297.3826645492593, -1975.2886183763314, 97.18048525894254)
(0.1887355205148875, 0.04)
aligning

align
[4, 3, 5, 0, 1, 2]
(0, 1.7332530178673953, 1.0)
(1, 1.7332530178673953, 1.0)
[[0.3552048022879726, 1], [0.10197409572032345, 0]]
(2, 1.7332530178673953, 1.0)
[[0.16292404258983018, 1], [0.0, 0]]
(4, 0, 0.3202745159525658)
(5, 0, 0.20871495561285938)
 
('_______         _________', 2, '______         _______')
 
[[0.16292404258983018, 1], [0.0, 0]]
executing goToBall
_____________in break____________
(0, 165.95010119376565, 1607.2913817470833, -92.98538285576782)
_____________in break____________
(1, 297.3694517542408, -1975.2430046126121, 97.18007682518443)
(0.18266851494124214, 0.04)
aligning

align
[4, 3, 5, 0, 1, 2]
(0, 1.7332530178673953, 1.0)
(1, 1.7332530178673953, 1.0)
[[0.35526568104340317, 1], [0.10180638928442942, 0]]
(2, 1.7332530178673953, 1.0)
[[0.16477948582942048, 1], [0.0, 0]]
(4, 0, 0.32027453785563753)
(5, 0, 0.20871497798803326)
 
('_______         _________', 2, '______         _______')
 
[[0.16477948582942048, 1], [0.0, 0]]
executing goToBall
_____________in break____________
(0, 165.93153481594524, 1607.339878838203, -92.98476064751046)
_____________in break____________
(1, 297.3961532046569, -1975.1922661223966, 97.18090082065449)
(0.17699105331709664, 0.04)
aligning

align
[4, 3, 5, 0, 1, 2]
(0, 1.7332530178673953, 1.0)
(1, 1.7332530178673953, 1.0)
[[0.3552048022879726, 1], [0.10197409572032345, 0]]
(2, 1.7332530178673953, 1.0)
[[0.16292404258983018, 1], [0.0, 0]]
(4, 0, 0.3202745433313934)
(5, 0, 0.20871498118447027)
 
('_______         _________', 2, '______         _______')
 
[[0.16292404258983018, 1], [0.0, 0]]
executing goToBall
_____________in break____________
(0, 165.94958689298642, 1607.273833739066, -92.98519724929288)
_____________in break____________
(1, 297.3826941268161, -1975.2598514435128, 97.18033073638583)
(0.17064395228731577, 0.04)
aligning

align
[4, 3, 5, 0, 1, 2]
(0, 1.7332530178673953, 1.0)
(1, 1.7332530178673953, 1.0)
[[0.3552048022879726, 1], [0.10197409572032345, 0]]
(2, 1.7332530178673953, 1.0)
[[0.16292404258983018, 1], [0.0, 0]]
(4, 0, 0.32027451047672334)
(5, 0, 0.20871494921987263)
 
('_______         _________', 2, '______         _______')
 
[[0.16292404258983018, 1], [0.0, 0]]
executing goToBall
_____________in break____________
(0, 165.89101507342932, 1607.1778175887202, -92.98353761412753)
_____________in break____________
(1, 297.3984734491405, -1975.3558669909517, 97.1810421420789)
(0.16496649066317026, 0.04)
aligning

align
[4, 3, 5, 0, 1, 2]
(0, 1.7332530178673953, 1.0)
(1, 1.7332530178673953, 1.0)
[[0.35526568104340317, 1], [0.10180638928442942, 0]]
(2, 1.7332530178673953, 1.0)
[[0.16477948582942048, 1], [0.0, 0]]
(4, 0, 0.3202744009611953)
(5, 0, 0.20871484693319972)
 
('_______         _________', 2, '______         _______')
 
[[0.16477948582942048, 1], [0.0, 0]]
executing goToBall
_____________in break____________
(0, 166.09386797254305, 1607.7011583121139, -92.99033347172555)
_____________in break____________
(1, 297.2777867150985, -1974.8349763095164, 97.17751751078661)
(0.1594713000427479, 0.04)
aligning

align
[4, 3, 5, 0, 1, 2]
(0, 1.7332530178673953, 1.0)
(1, 1.7332530178673953, 1.0)
[[0.3553261383718258, 1], [0.10163895566628867, 0]]
(2, 1.7332530178673953, 1.0)
[[0.166639566732961, 1], [0.0, 0]]
(4, 0, 0.3202744283400897)
(5, 0, 0.20871486291550592)
 
('_______         _________', 2, '______         _______')
 
[[0.166639566732961, 1], [0.0, 0]]
executing goToBall
_____________in break____________
(0, 166.81648691509537, 1609.1929657226935, -93.01302809035168)
_____________in break____________
(1, 296.92603780030976, -1973.3503356314534, 97.16594194278179)
(0.1541471747528309, 0.04)
aligning

align
[4, 3, 5, 0, 1, 2]
(0, 1.7332530178673953, 1.0)
(1, 1.7332530178673953, 1.0)
[[0.3555049868746867, 1], [0.10113828995365992, 0]]
(2, 1.7332530178673953, 1.0)
[[0.1722474973088035, 1], [0.0, 0]]
(4, 0, 0.32027442286431174)
(5, 0, 0.2087148309509208)
 
('_______         _________', 2, '______         _______')
 
[[0.1722474973088035, 1], [0.0, 0]]
executing goToBall
_____________in break____________
(0, 167.86162316973758, 1611.383719373728, -93.04473581893151)
_____________in break____________
(1, 296.52204080416686, -1971.1623371481712, 97.15143217091962)
(0.1541471747528309, 0.04)
aligning

align
[4, 3, 5, 0, 1, 2]
(0, 1.7332530178673953, 1.0)
(1, 1.7332530178673953, 1.0)
[[0.3556221214221731, 1], [0.1008058736380617, 0]]
(2, 1.7332530178673953, 1.0)
[[0.17600904792492056, 1], [0.0, 0]]
(4, 0, 0.3202743790580881)
(5, 0, 0.20871481816507179)
 
('_______         _________', 0, '______         _______')
 
executing goToBall
_____________in break____________
(1, 296.01552937736494, -1968.8561006406246, 97.13420589412807)
(2, 1713.690348686406, 544.384492292225, 23.81011572274895)
[4, 3, 5, 0, 1, 2]
(0, 1.7332530178673953, 1.0)
(1, 1.7332530178673953, 1.0)
[[0.3557375825492066, 1], [0.10047454428207825, 0]]
(2, 1.7332530178673953, 1.0)
[[0.1797888040529858, 1], [0.0, 0]]
(4, 0, 0.32027429505926136)
(5, 0, 0.20871473186069087)
 
('_______         _________', 0, '______         _______')
 
executing goToBall
_____________in break____________
(1, 295.481256398273, -1966.5675265264467, 97.11668826355714)
(2, 1716.4002339170293, 540.6108592859143, 23.597230912225655)
[4, 3, 5, 0, 1, 2]
(0, 1.7332530178673953, 1.0)
(1, 1.7332530178673953, 1.0)
[[0.35590764567880706, 1], [0.09997958504094617, 0]]
(2, 1.7332530178673953, 1.0)
[[0.18549230127961414, 1], [0.0, 0]]
(4, 0, 0.32027431148660573)
(5, 0, 0.20871470309258383)
 
('_______         _________', 0, '______         _______')
 
executing goToBall
_____________in break____________
(1, 294.942815975072, -1964.2809190421729, 97.09985779653135)
(2, 1719.1224176829955, 536.6821508359045, 23.379490426873392)
[4, 3, 5, 0, 1, 2]
(0, 1.7332530178673953, 1.0)
(1, 1.7332530178673953, 1.0)
[[0.35601894150911484, 1], [0.09965096653184613, 0]]
(2, 1.7332530178673953, 1.0)
[[0.18931701918136534, 1], [0.0, 0]]
(4, 0, 0.3202744264779154)
(5, 0, 0.20871470948552034)
 
('_______         _________', 0, '______         _______')
 
executing goToBall
_____________in break____________
(1, 294.3598728228693, -1962.000792664609, 97.08169745130566)
(2, 1721.7706785709288, 532.8514121065539, 23.165542534930257)
[4, 3, 5, 0, 1, 2]
(0, 1.7332530178673953, 1.0)
(1, 1.7332530178673953, 1.0)
[[0.3561285786012416, 1], [0.09932342967823082, 0]]
(2, 1.7332530178673953, 1.0)
[[0.19315948912090652, 1], [0.0, 0]]
(4, 0, 0.3202744557189758)
(5, 0, 0.20871482775447042)
 
('_______         _________', 0, '______         _______')
 
executing goToBall
_____________in break____________
(1, 293.80858506637014, -1959.7162863289711, 97.06385801826148)
(2, 1724.4165589272145, 529.0157908217642, 22.951667475279436)
[4, 3, 5, 0, 1, 2]
(0, 1.7332530178673953, 1.0)
(1, 1.7332530178673953, 1.0)
[[0.3562899334353382, 1], [0.0988341490648601, 0]]
(2, 1.7332530178673953, 1.0)
[[0.19895617212329952, 1], [0.0, 0]]
(4, 0, 0.3202742804941346)
(5, 0, 0.20871469669967263)
 
('_______         _________', 0, '______         _______')
 
executing goToBall
_____________in break____________
(1, 293.3199168973309, -1957.4250286479967, 97.04748327457425)
(2, 1727.100016768202, 525.0667356603508, 22.734194352367926)
[4, 3, 5, 0, 1, 2]
(0, 1.7332530178673953, 1.0)
(1, 1.7332530178673953, 1.0)
[[0.3557049472442926, 1], [0.09854093865593994, 0]]
(2, 1.7332530178673953, 1.0)
[[0.20284240073128323, 1], [0.0, 0]]
(4, 0, 0.3202743188245866)
(5, 0, 0.2087148245580262)
 
('_______         _________', 0, '______         _______')
 
executing goToBall
_____________in break____________
(1, 292.8589890554573, -1955.1303528850362, 97.03061060716661)
(2, 1729.7508289539799, 521.2379342490073, 22.52102562985492)
[4, 3, 5, 0, 1, 2]
(0, 1.7332530178673953, 1.0)
(1, 1.7332530178673953, 1.0)
[[0.35517626695062043, 1], [0.09808352421272781, 0]]
(2, 1.7332530178673953, 1.0)
[[0.20870402566458113, 1], [0.0, 0]]
(4, 0, 0.3202743681065803)
(5, 0, 0.20871481816511864)
 
('_______         _________', 0, '______         _______')
 
executing goToBall
_____________in break____________
(1, 292.439424307633, -1952.8333320662564, 97.014966363663)
(2, 1732.4234581621372, 517.2950218873106, 22.304356564792624)
[4, 3, 5, 0, 1, 2]
(0, 1.7332530178673953, 1.0)
(1, 1.7332530178673953, 1.0)
[[0.35383323822205925, 1], [0.09834486112931673, 0]]
(2, 1.7332530178673953, 1.0)
[[0.21263306821494288, 1], [0.0, 0]]
(4, 0, 0.32027445571899577)
(5, 0, 0.20871482455803314)
 
('_______         _________', 0, '______         _______')
 
executing goToBall
_____________in break____________
(1, 291.94033678897017, -1950.5421465477377, 96.9975515510594)
(2, 1735.0201084956122, 513.411808662312, 22.090038699317134)
[4, 3, 5, 0, 1, 2]
(0, 1.7332530178673953, 1.0)
(1, 1.7332530178673953, 1.0)
[[0.3517344279749284, 1], [0.09915612497896875, 0]]
(2, 1.7332530178673953, 1.0)
[[0.2161988080473849, 1], [0.0, 0]]
(4, 0, 0.3202744611947628)
(5, 0, 0.20871490446948174)
 
('_______         _________', 0, '______         _______')
 
executing goToBall
_____________in break____________
(1, 291.40920958799506, -1948.2518303690158, 96.97970064330268)
(2, 1737.5860767537933, 509.49208245298405, 21.874773201437545)
[4, 3, 5, 0, 1, 2]
(0, 1.7332530178673953, 1.0)
(1, 1.7332530178673953, 1.0)
[[0.34902997250029566, 1], [0.09981478604489658, 0]]
(2, 1.7332530178673953, 1.0)
[[0.22087187975258926, 1], [0.0, 0]]
(4, 0, 0.32027449404942465)
(5, 0, 0.20871495880927882)
 
('_______         _________', 0, '______         _______')
 
executing goToBall
_____________in break____________
(1, 290.95247228947005, -1945.951201462747, 96.96344260648964)
(2, 1740.1881089358203, 505.47868116575637, 21.65649524355203)
[4, 3, 5, 0, 1, 2]
(0, 1.7332530178673953, 1.0)
(1, 1.7332530178673953, 1.0)
[[0.3462014282467325, 1], [0.10115173438687597, 0]]
(2, 1.7332530178673953, 1.0)
[[0.22320170050028132, 1], [0.0, 0]]
(4, 0, 0.32027445571899543)
(5, 0, 0.20871493323761578)
 
('_______         _________', 0, '______         _______')
 
executing goToBall
_____________in break____________
(1, 290.44290905976584, -1943.6568980486345, 96.94574266229924)
(2, 1742.72689179499, 501.53381765512063, 21.44091778746997)
[4, 3, 5, 0, 1, 2]
(0, 1.7332530178673953, 1.0)
(1, 1.7332530178673953, 1.0)
[[0.34272998808473876, 1], [0.10248973915575643, 0]]
(2, 1.7332530178673953, 1.0)
[[0.22517093401800592, 1], [0.0, 0]]
(4, 0, 0.3202742859699223)
(5, 0, 0.2087147862005182)
 
('_______         _________', 0, '______         _______')
 
executing goToBall
_____________in break____________
(1, 289.96874054626903, -1941.3569915741832, 96.92840016156762)
(2, 1745.2659349055573, 497.58415458413845, 21.225357984907134)
[4, 3, 5, 0, 1, 2]
(0, 1.7332530178673953, 1.0)
(1, 1.7332530178673953, 1.0)
[[0.33849734947806986, 1], [0.1047047507911234, 0]]
(2, 1.7332530178673953, 1.0)
[[0.22872097495154398, 1], [0.0, 0]]
(4, 0, 0.3202743735823345)
(5, 0, 0.20871482455801227)
 
('_______         _________', 0, '______         _______')
 
executing goToBall
_____________in break____________
(1, 289.532227331523, -1939.0529552063633, 96.91223453399127)
(2, 1747.8150257612285, 493.5389889508624, 21.006882338002864)
[4, 3, 5, 0, 1, 2]
(0, 1.7332530178673953, 1.0)
(1, 1.7332530178673953, 1.0)
[[0.3335921069009822, 1], [0.10706756991477073, 0]]
(2, 1.7332530178673953, 1.0)
[[0.2299078972209445, 1], [0.0, 0]]
(4, 0, 0.3202743462034605)
(5, 0, 0.20871482455801918)
 
('_______         _________', 0, '______         _______')
 
executing goToBall
_____________in break____________
(1, 289.0831178661904, -1936.7497159517707, 96.89508788691072)
(2, 1750.3271543033904, 489.5674696533108, 20.7911341262335)
[4, 3, 5, 0, 1, 2]
(0, 1.7332530178673953, 1.0)
(1, 1.7332530178673953, 1.0)
[[0.3282933339515508, 1], [0.1098886750431407, 0]]
(2, 1.7332530178673953, 1.0)
[[0.23109805040074916, 1], [0.0, 0]]
(4, 0, 0.32027433525191223)
(5, 0, 0.2087148373438566)
 
('_______         _________', 0, '______         _______')
 
executing goToBall
_____________in break____________
(1, 288.6631097123749, -1934.4431267540908, 96.87903710577736)
(2, 1753.0526645853417, 484.94082019414793, 20.55348972249017)
[4, 3, 5, 0, 1, 2]
(0, 1.7332530178673953, 1.0)
(1, 1.7332530178673953, 1.0)
[[0.32280482679659706, 1], [0.11251963399139342, 0]]
(2, 1.7332530178673953, 1.0)
[[0.23557371184545195, 1], [0.0, 0]]
(4, 0, 0.320274472146317)
(5, 0, 0.2087148533261506)
 
('_______         _________', 0, '______         _______')
 
executing goToBall
_____________in break____________
(1, 288.2519706511189, -1932.1354600224552, 96.86302755089714)
(2, 1755.5483855162117, 480.8653506819502, 20.334871646531695)
[4, 3, 5, 0, 1, 2]
(0, 1.7332530178673953, 1.0)
(1, 1.7332530178673953, 1.0)
[[0.31730261936732607, 1], [0.11528374500928606, 0]]
(2, 1.7332530178673953, 1.0)
[[0.23683268889728604, 1], [0.0, 0]]
(4, 0, 0.32027451047675703)
(5, 0, 0.20871468071740884)
 
('_______         _________', 0, '______         _______')
 
executing goToBall
_____________in break____________
(1, 287.8274947060394, -1929.8282909174925, 96.84602141362137)
(2, 1758.0120866997945, 476.8525285097378, 20.1185760110373)
[4, 3, 5, 0, 1, 2]
(0, 1.7332530178673953, 1.0)
(1, 1.7332530178673953, 1.0)
[[0.3113225671432569, 1], [0.11780469538033556, 0]]
(2, 1.7332530178673953, 1.0)
[[0.24054128290058063, 1], [0.0, 0]]
(4, 0, 0.3202744502432223)
(5, 0, 0.20871469989616118)
 
('_______         _________', 0, '______         _______')
 
executing goToBall
_____________in break____________
(1, 287.4446004326171, -1927.51577669139, 96.83023798584702)
(2, 1760.4792689798676, 472.7645250889748, 19.900021729144285)
[4, 3, 5, 0, 1, 2]
(0, 1.7332530178673953, 1.0)
(1, 1.7332530178673953, 1.0)
[[0.3053419931324082, 1], [0.12045800952505692, 0]]
(2, 1.7332530178673953, 1.0)
[[0.24220866371519678, 1], [0.0, 0]]
(4, 0, 0.3202743681065767)
(5, 0, 0.20871479898636489)
 
('_______         _________', 0, '______         _______')
 
executing goToBall
_____________in break____________
(1, 287.0998680205512, -1925.2006381293675, 96.8140716022468)
(2, 1762.9425387701333, 468.7534116019913, 19.684232014853233)
[4, 3, 5, 0, 1, 2]
(0, 1.7332530178673953, 1.0)
(1, 1.7332530178673953, 1.0)
[[0.2991627862407573, 1], [0.12411162113340923, 0]]
(2, 1.7332530178673953, 1.0)
[[0.24389158608043315, 1], [0.0, 0]]
(4, 0, 0.3202743790581199)
(5, 0, 0.20871484693323045)
 
('_______         _________', 0, '______         _______')
 
executing goToBall
_____________in break____________
(1, 286.7748416925908, -1922.887950575222, 96.79811336549413)
(2, 1765.3914420702918, 464.74007301451456, 19.46877285079501)
[4, 3, 5, 0, 1, 2]
(0, 1.7332530178673953, 1.0)
(1, 1.7332530178673953, 1.0)
[[0.2931175659470284, 1], [0.12751486740068874, 0]]
(2, 1.7332530178673953, 1.0)
[[0.24767746799076695, 1], [0.0, 0]]
(4, 0, 0.32027431334878337)
(5, 0, 0.20871480857570582)
 
('_______         _________', 0, '______         _______')
 
executing goToBall
_____________in break____________
(1, 286.46745951898004, -1920.570715013437, 96.78308930626231)
(2, 1767.8282330564905, 460.6519496562622, 19.25105419110581)
[4, 3, 5, 0, 1, 2]
(0, 1.7332530178673953, 1.0)
(1, 1.7332530178673953, 1.0)
[[0.286334856352199, 1], [0.13155542463873804, 0]]
(2, 1.7332530178673953, 1.0)
[[0.2485763509699601, 1], [0.0, 0]]
(4, 0, 0.32027428958350035)
(5, 0, 0.2087148661119563)
 
('_______         _________', 0, '______         _______')
 
executing goToBall
_____________in break____________
(1, 286.09809452483915, -1918.2585569157707, 96.76649039808866)
(2, 1770.2166334486224, 456.5878323900248, 19.03440605395457)
[4, 3, 5, 0, 1, 2]
(0, 1.7332530178673953, 1.0)
(1, 1.7332530178673953, 1.0)
[[0.27888094493539617, 1], [0.13703469219817555, 0]]
(2, 1.7332530178673953, 1.0)
[[0.2495629866912883, 1], [0.0, 0]]
(4, 0, 0.32027425125308734)
(5, 0, 0.20871491405884954)
 
('_______         _________', 0, '______         _______')
 
executing goToBall
_____________in break____________
(1, 285.77355899952966, -1915.9394065817942, 96.75118226448433)
(2, 1772.8132385418126, 451.8486899400442, 18.79531071749545)
[4, 3, 5, 0, 1, 2]
(0, 1.7332530178673953, 1.0)
(1, 1.7332530178673953, 1.0)
[[0.27129002356483456, 1], [0.14227681909572487, 0]]
(2, 1.7332530178673953, 1.0)
[[0.2526204627985522, 1], [0.0, 0]]
(4, 0, 0.3202743333897233)
(5, 0, 0.20871488848718228)
 
('_______         _________', 2, '______         _______')
 
[[0.2526204627985522, 1], [0.0, 0]]
executing goToBall
_____________in break____________
(0, 196.25223414973306, 1668.8676474673014, -93.88815468320561)
_____________in break____________
(1, 285.44349892907326, -1913.619543671818, 96.73572196694133)
(0.3915120916786172, 0.04)
aligning

align
[4, 3, 5, 0, 1, 2]
(0, 1.7332530178673953, 1.0)
(1, 1.7332530178673953, 1.0)
[[0.26280113023391793, 1], [0.14866252119579348, 0]]
(2, 1.7332530178673953, 1.0)
[[0.25440355853565544, 1], [0.0, 0]]
(4, 0, 0.32027449218721427)
(5, 0, 0.20871473825363476)
 
('_______         _________', 2, '______         _______')
 
[[0.25440355853565544, 1], [0.0, 0]]
executing goToBall
_____________in break____________
(0, 197.51234775003462, 1671.1700570448925, -93.92280805250026)
_____________in break____________
(1, 285.10271549627276, -1911.301876429075, 96.71929670423877)
(0.4059050531296986, 0.04)
aligning

align
[4, 3, 5, 0, 1, 2]
(0, 1.7332530178673953, 1.0)
(1, 1.7332530178673953, 1.0)
[[0.25445708053005633, 1], [0.154750688398813, 0]]
(2, 1.7332530178673953, 1.0)
[[0.3974242274111659, 1], [0.0, 0]]
(4, 0, 0.3202743681065531)
(5, 0, 0.20871481496863165)
 
('_______         _________', 2, '______         _______')
 
[[0.3974242274111659, 1], [0.0, 0]]
executing goToBall
_____________in break____________
(0, 198.72621687758595, 1673.4748617034072, -93.95596332462274)
_____________in break____________
(1, 284.79995097246643, -1908.9799094652203, 96.70406251935839)
(0.42032267772246623, 0.04)
aligning

align
[4, 3, 5, 0, 1, 2]
(0, 1.7332530178673953, 1.0)
(1, 1.7332530178673953, 1.0)
[[0.24571315218621192, 1], [0.1620434703692344, 0]]
(2, 1.7332530178673953, 1.0)
[[0.39611823391479595, 1], [0.0, 0]]
(4, 0, 0.3202743023972413)
(5, 0, 0.20871477341467512)
 
('_______         _________', 2, '______         _______')
 
[[0.39611823391479595, 1], [0.0, 0]]
executing goToBall
_____________in break____________
(0, 199.99043107844813, 1675.7756672135408, -93.99053370059096)
_____________in break____________
(1, 284.4651893907486, -1906.6625508258398, 96.68761351762265)
(0.4349109606231423, 0.04)
aligning

align
[4, 3, 5, 0, 1, 2]
(0, 1.7332530178673953, 1.0)
(1, 1.7332530178673953, 1.0)
[[0.23699387761751556, 1], [0.1692652016411671, 0]]
(2, 1.7332530178673953, 1.0)
[[0.39481453216798723, 1], [0.0, 0]]
(4, 0, 0.32027444476742384)
(5, 0, 0.20871472546780412)
 
('_______         _________', 2, '______         _______')
 
[[0.39481453216798723, 1], [0.0, 0]]
executing goToBall
_____________in break____________
(0, 201.26507075407457, 1678.0760323043514, -94.02516648360405)
_____________in break____________
(1, 284.1414287898808, -1904.3443857240463, 96.67124466721782)
(0.4444076846344309, 0.04)
aligning

align
[4, 3, 5, 0, 1, 2]
(0, 1.7332530178673953, 1.0)
(1, 1.7332530178673953, 1.0)
[[0.22777737501216144, 1], [0.17714039899582534, 0]]
(2, 1.7332530178673953, 1.0)
[[0.3938315370865224, 1], [0.0, 0]]
(4, 0, 0.32027445571897173)
(5, 0, 0.20871474784300795)
 
('_______         _________', 2, '______         _______')
 
[[0.3938315370865224, 1], [0.0, 0]]
executing goToBall
_____________in break____________
(0, 202.54995277569634, 1680.376387566679, -94.06028396471503)
_____________in break____________
(1, 283.88759455117986, -1902.0153533987652, 96.65727179905903)
(0.4524247068265206, 0.04)
aligning

align
[4, 3, 5, 0, 1, 2]
(0, 1.7332530178673953, 1.0)
(1, 1.7332530178673953, 1.0)
[[0.21823718285765414, 1], [0.18519906867911695, 0]]
(2, 1.7332530178673953, 1.0)
[[0.39206322601251564, 1], [0.0, 0]]
(4, 0, 0.32027446667052206)
(5, 0, 0.20871490446946406)
 
('_______         _________', 2, '______         _______')
 
[[0.39206322601251564, 1], [0.0, 0]]
executing goToBall
_____________in break____________
(0, 203.831855058386, 1682.6803178834925, -94.09491667051537)
_____________in break____________
(1, 283.56922816856525, -1899.6922574625398, 96.64084100120174)
(0.45257614821839276, 0.04)
aligning

align
[4, 3, 5, 0, 1, 2]
(0, 1.7332530178673953, 1.0)
(1, 1.7332530178673953, 1.0)
[[0.20831321990626916, 1], [0.19426891024757476, 0]]
(2, 1.7332530178673953, 1.0)
[[0.49120896152984805, 1], [0.0, 0]]
(4, 0, 0.32027450500095883)
(5, 0, 0.20871483095092697)
 
('_______         _________', 2, '______         _______')
 
[[0.49120896152984805, 1], [0.0, 0]]
executing goToBall
_____________in break____________
(0, 205.11342481761434, 1684.929378124428, -94.12898722876432)
_____________in break____________
(1, 283.2927312445615, -1897.4216291829687, 96.62519521837586)
(0.45397778037515746, 0.04)
aligning

align
[4, 3, 5, 0, 1, 2]
(0, 1.7332530178673953, 1.0)
(1, 1.7332530178673953, 1.0)
[[0.20290168700216338, 0], [0.19804943818853538, 1]]
(2, 1.7332530178673953, 1.0)
[[0.48917246196744824, 1], [0.0, 0]]
(4, 0, 0.32027440643698096)
(5, 0, 0.20871484693320982)
 
('_______         _________', 2, '______         _______')
 
[[0.48917246196744824, 1], [0.0, 0]]
executing goToBall
_____________in break____________
(0, 206.41723048504448, 1687.2712468379952, -94.16320239508525)
_____________in break____________
(1, 283.0534952111373, -1895.0547599248212, 96.61017444209693)
(0.44941950499973515, 0.04)
aligning

align
[4, 3, 5, 0, 1, 2]
(0, 1.7332530178673953, 1.0)
(1, 1.7332530178673953, 1.0)
[[0.21123799955218603, 0], [0.18857722719836945, 1]]
(2, 1.7332530178673953, 1.0)
[[0.48759772769422094, 1], [0.0, 0]]
(4, 0, 0.320274444767411)
(5, 0, 0.20871490766591527)
 
('_______         _________', 2, '______         _______')
 
[[0.48759772769422094, 1], [0.0, 0]]
executing goToBall
_____________in break____________
(0, 207.89369342066325, 1689.6858375692598, -94.20231234959859)
_____________in break____________
(1, 282.8194063758366, -1892.60435327633, 96.5947070277679)
(0.4417856695590636, 0.04)
aligning

align
[4, 3, 5, 0, 1, 2]
(0, 1.7332530178673953, 1.0)
(1, 1.7332530178673953, 1.0)
[[0.21884520808566377, 0], [0.17968013052615595, 1]]
(2, 1.7332530178673953, 1.0)
[[0.4867093866604346, 1], [0.0, 0]]
(4, 0, 0.32027440096120485)
(5, 0, 0.20871492684466803)
 
('_______         _________', 2, '______         _______')
 
[[0.4867093866604346, 1], [0.0, 0]]
executing goToBall
_____________in break____________
(0, 209.2052776244174, 1691.8704120658972, -94.23507639677554)
_____________in break____________
(1, 282.7089185416139, -1890.3877399037472, 96.58209784683582)
(0.43339990572095566, 0.04)
aligning

align
[4, 3, 5, 0, 1, 2]
(0, 1.7332530178673953, 1.0)
(1, 1.7332530178673953, 1.0)
[[0.22648770966670062, 0], [0.17121607619280121, 1]]
(2, 1.7332530178673953, 1.0)
[[0.485889113072548, 1], [0.0, 0]]
(4, 0, 0.3202745050009454)
(5, 0, 0.2087148341473711)
 
('_______         _________', 2, '______         _______')
 
[[0.485889113072548, 1], [0.0, 0]]
executing goToBall
_____________in break____________
(0, 210.43989242729262, 1693.4865278583136, -94.26357437317544)
_____________in break____________
(1, 282.78370728852235, -1888.7341090305713, 96.57359611666054)
(0.4242973809557782, 0.04)
aligning

align
[4, 3, 5, 0, 1, 2]
(0, 1.7332530178673953, 1.0)
(1, 1.7332530178673953, 1.0)
[[0.23284896097027996, 0], [0.1637664657560025, 1]]
(2, 1.7332530178673953, 1.0)
[[0.486153684529246, 1], [0.0, 0]]
(4, 0, 0.3202743462034359)
(5, 0, 0.2087147862004933)
 
('_______         _________', 2, '______         _______')
 
[[0.486153684529246, 1], [0.0, 0]]
executing goToBall
_____________in break____________
(0, 211.55902486870667, 1695.3232736490447, -94.29172922768998)
_____________in break____________
(1, 282.66194080859026, -1886.8710340586738, 96.5621548097819)
(0.4150651075950247, 0.04)
aligning

align
[4, 3, 5, 0, 1, 2]
(0, 1.7332530178673953, 1.0)
(1, 1.7332530178673953, 1.0)
[[0.23887311468203842, 0], [0.15664974318899416, 1]]
(2, 1.7332530178673953, 1.0)
[[0.4868081111792857, 1], [0.0, 0]]
(4, 0, 0.3202743845338662)
(5, 0, 0.20871481177215734)
 
('_______         _________', 2, '______         _______')
 
[[0.4868081111792857, 1], [0.0, 0]]
executing goToBall
_____________in break____________
(0, 212.91443044120433, 1697.620264283105, -94.3271968220889)
_____________in break____________
(1, 282.48596607130605, -1884.5364156388953, 96.54875883029781)
(0.404803963067776, 0.04)
aligning

align
[4, 3, 5, 0, 1, 2]
(0, 1.7332530178673953, 1.0)
(1, 1.7332530178673953, 1.0)
[[0.24473322680372123, 0], [0.14987079455713603, 1]]
(2, 1.7332530178673953, 1.0)
[[0.4870711772469276, 1], [0.0, 0]]
(4, 0, 0.3202743005350342)
(5, 0, 0.20871481177214607)
 
('_______         _________', 2, '______         _______')
 
[[0.4870711772469276, 1], [0.0, 0]]
executing goToBall
_____________in break____________
(0, 214.3012823464137, 1699.9190957961414, -94.36261913894532)
_____________in break____________
(1, 282.27693930211103, -1882.2070246021074, 96.53325235027607)
(0.40025060803865387, 0.04)
aligning

align
[4, 3, 5, 0, 1, 2]
(0, 1.7332530178673953, 1.0)
(1, 1.7332530178673953, 1.0)
[[0.24959463728569675, 0], [0.14399416826217548, 1]]
(2, 1.7332530178673953, 1.0)
[[0.48733346502146624, 1], [0.0, 0]]
(4, 0, 0.320274289583505)
(5, 0, 0.20871474145008634)
 
('_______         _________', 2, '______         _______')
 
[[0.48733346502146624, 1], [0.0, 0]]
executing goToBall
_____________in break____________
(0, 215.69206371577934, 1702.2080843754247, -94.39794664477296)
_____________in break____________
(1, 282.07929545743104, -1879.886373964102, 96.51788793864321)
(0.3915160087888321, 0.04)
aligning

align
[4, 3, 5, 0, 1, 2]
(0, 1.7332530178673953, 1.0)
(1, 1.7332530178673953, 1.0)
[[0.2531741002978394, 0], [0.1393368712150731, 1]]
(2, 1.7332530178673953, 1.0)
[[0.48798618290634854, 1], [0.0, 0]]
(4, 0, 0.32027431696239944)
(5, 0, 0.2087146839138529)
 
('_______         _________', 2, '______         _______')
 
[[0.48798618290634854, 1], [0.0, 0]]
executing goToBall
_____________in break____________
(0, 217.11198877569575, 1704.49151184098, -94.43388952910891)
_____________in break____________
(1, 281.97921459448435, -1877.5586738880334, 96.50532885245244)
(0.38000760733237104, 0.04)
aligning

align
[4, 3, 5, 0, 1, 2]
(0, 1.7332530178673953, 1.0)
(1, 1.7332530178673953, 1.0)
[[0.2575810576732489, 0], [0.13411948836431042, 1]]
(2, 1.7332530178673953, 1.0)
[[0.4882469326151111, 1], [0.0, 0]]
(4, 0, 0.3202744429052445)
(5, 0, 0.20871470628906405)
 
('_______         _________', 2, '______         _______')
 
[[0.4882469326151111, 1], [0.0, 0]]
executing goToBall
_____________in break____________
(0, 218.52248230558618, 1706.7741937453177, -94.46928810688406)
_____________in break____________
(1, 281.8061118531649, -1875.2417208788108, 96.49018759763554)
(0.3679401867742076, 0.04)
aligning

align
[4, 3, 5, 0, 1, 2]
(0, 1.7332530178673953, 1.0)
(1, 1.7332530178673953, 1.0)
[[0.26072953568072066, 0], [0.1299364680497126, 1]]
(2, 1.7332530178673953, 1.0)
[[0.4886365742842247, 1], [0.0, 0]]
(4, 0, 0.32027429692147746)
(5, 0, 0.20871485971906278)
 
('_______         _________', 2, '______         _______')
 
[[0.4886365742842247, 1], [0.0, 0]]
executing goToBall
_____________in break____________
(0, 219.90724607308744, 1709.0573947603734, -94.5034127445774)
_____________in break____________
(1, 281.6939598798877, -1872.9212626427989, 96.47653983955811)
(0.35558250427123195, 0.04)
aligning

align
[4, 3, 5, 0, 1, 2]
(0, 1.7332530178673953, 1.0)
(1, 1.7332530178673953, 1.0)
[[0.2633821971566994, 0], [0.12688799337489565, 1]]
(2, 1.7332530178673953, 1.0)
[[0.4888953422041262, 1], [0.0, 0]]
(4, 0, 0.3202744173885543)
(5, 0, 0.20871477661114893)
 
('_______         _________', 2, '______         _______')
 
[[0.4888953422041262, 1], [0.0, 0]]
executing goToBall
_____________in break____________
(0, 221.34312690948465, 1711.3354817258441, -94.53897234610957)
_____________in break____________
(1, 281.5492265261635, -1870.6059788098407, 96.46165292688588)
(0.34390529622927346, 0.04)
aligning

align
[4, 3, 5, 0, 1, 2]
(0, 1.7332530178673953, 1.0)
(1, 1.7332530178673953, 1.0)
[[0.2658167517419976, 0], [0.12365927070781968, 1]]
(2, 1.7332530178673953, 1.0)
[[0.489416216910346, 1], [0.0, 0]]
(4, 0, 0.3202744228643318)
(5, 0, 0.2087148277544836)
 
('_______         _________', 2, '______         _______')
 
[[0.489416216910346, 1], [0.0, 0]]
executing goToBall
_____________in break____________
(0, 222.84675021915845, 1713.606742758161, -94.57650262373949)
_____________in break____________
(1, 281.4558069317778, -1868.2863363791976, 96.4482161731137)
(0.337568394146742, 0.04)
aligning

align
[4, 3, 5, 0, 1, 2]
(0, 1.7332530178673953, 1.0)
(1, 1.7332530178673953, 1.0)
[[0.2672180545003848, 0], [0.12164409836149348, 1]]
(2, 1.7332530178673953, 1.0)
[[0.4898022942100164, 1], [0.0, 0]]
(4, 0, 0.32027443929165195)
(5, 0, 0.2087148693084334)
 
('_______         _________', 2, '______         _______')
 
[[0.4898022942100164, 1], [0.0, 0]]
executing goToBall
_____________in break____________
(0, 224.24002022450233, 1715.8866819783625, -94.61053859260346)
_____________in break____________
(1, 281.35481426698743, -1865.9670824539744, 96.43456022375032)
(0.3267611913065558, 0.04)
aligning

align
[4, 3, 5, 0, 1, 2]
(0, 1.7332530178673953, 1.0)
(1, 1.7332530178673953, 1.0)
[[0.2683276622385793, 0], [0.11977132136657831, 1]]
(2, 1.7332530178673953, 1.0)
[[0.49005867083976673, 1], [0.0, 0]]
(4, 0, 0.3202744447674388)
(5, 0, 0.20871484373677818)
 
('_______         _________', 2, '______         _______')
 
[[0.49005867083976673, 1], [0.0, 0]]
executing goToBall
_____________in break____________
(0, 225.67827892722795, 1718.162335194273, -94.64594548380315)
_____________in break____________
(1, 281.21419448960467, -1863.6525723768975, 96.41957138506535)
(0.31398179742629395, 0.04)
aligning

align
[4, 3, 5, 0, 1, 2]
(0, 1.7332530178673953, 1.0)
(1, 1.7332530178673953, 1.0)
[[0.26904817422905536, 0], [0.11869660660766579, 1]]
(2, 1.7332530178673953, 1.0)
[[0.49057886721326227, 1], [0.0, 0]]
(4, 0, 0.32027439000969743)
(5, 0, 0.20871471587846552)
 
('_______         _________', 2, '______         _______')
 
[[0.49057886721326227, 1], [0.0, 0]]
executing goToBall
_____________in break____________
(0, 227.17896484976347, 1720.431161463014, -94.68324779192058)
_____________in break____________
(1, 281.12069134880596, -1861.3339716056284, 96.405992530842)
(0.30173180186648096, 0.04)
aligning

align
[4, 3, 5, 0, 1, 2]
(0, 1.7332530178673953, 1.0)
(1, 1.7332530178673953, 1.0)
[[0.26912609721178526, 0], [0.11820253405481473, 1]]
(2, 1.7332530178673953, 1.0)
[[0.4909613128118995, 1], [0.0, 0]]
(4, 0, 0.3202744173885779)
(5, 0, 0.20871474464659065)
 
('_______         _________', 2, '______         _______')
 
[[0.4909613128118995, 1], [0.0, 0]]
executing goToBall
_____________in break____________
(0, 228.6053460907815, 1722.7021707206716, -94.71744749537355)
_____________in break____________
(1, 281.05913848475586, -1859.0196009517028, 96.39269903444949)
(0.2905970807983067, 0.04)
aligning

align
[4, 3, 5, 0, 1, 2]
(0, 1.7332530178673953, 1.0)
(1, 1.7332530178673953, 1.0)
[[0.2685545818038273, 0], [0.11846871136481418, 1]]
(2, 1.7332530178673953, 1.0)
[[0.4912152532799956, 1], [0.0, 0]]
(4, 0, 0.3202743297761492)
(5, 0, 0.20871471587845386)
 
('_______         _________', 2, '______         _______')
 
[[0.4912152532799956, 1], [0.0, 0]]
executing goToBall
_____________in break____________
(0, 230.09365611417695, 1724.9655047689503, -94.75319904141358)
_____________in break____________
(1, 280.97673080498555, -1856.7119048592144, 96.37831250587848)
(0.28073883018032575, 0.04)
aligning

align
[4, 3, 5, 0, 1, 2]
(0, 1.7332530178673953, 1.0)
(1, 1.7332530178673953, 1.0)
[[0.26796882917212184, 0], [0.11890700233589513, 1]]
(2, 1.7332530178673953, 1.0)
[[0.4917347199931319, 1], [0.0, 0]]
(4, 0, 0.3202743845339031)
(5, 0, 0.20871474145011304)
 
('_______         _________', 2, '______         _______')
 
[[0.4917347199931319, 1], [0.0, 0]]
executing goToBall
_____________in break____________
(0, 231.6377361122558, 1727.2222111717895, -94.79075742320482)
_____________in break____________
(1, 280.9357330979632, -1854.4002860339797, 96.36527700197762)
(0.27124857863918805, 0.04)
aligning

align
[4, 3, 5, 0, 1, 2]
(0, 1.7332530178673953, 1.0)
(1, 1.7332530178673953, 1.0)
[[0.2671154609428461, 0], [0.11930279253398979, 1]]
(2, 1.7332530178673953, 1.0)
[[0.49211346647270027, 1], [0.0, 0]]
(4, 0, 0.32027430053507955)
(5, 0, 0.20871489807656865)
 
('_______         _________', 2, '______         _______')
 
[[0.49211346647270027, 1], [0.0, 0]]
executing goToBall
_____________in break____________
(0, 233.04780715707773, 1729.4901205404224, -94.82457380102615)
_____________in break____________
(1, 280.86045560218383, -1852.0888446525594, 96.35167738977216)
(0.26213324031368757, 0.04)
aligning

align
[4, 3, 5, 0, 1, 2]
(0, 1.7332530178673953, 1.0)
(1, 1.7332530178673953, 1.0)
[[0.26653115812829364, 0], [0.1197391850547791, 1]]
(2, 1.7332530178673953, 1.0)
[[0.49263257583552456, 1], [0.0, 0]]
(4, 0, 0.32027428958352605)
(5, 0, 0.20871484054031672)
 
('_______         _________', 2, '______         _______')
 
[[0.49263257583552456, 1], [0.0, 0]]
executing goToBall
_____________in break____________
(0, 234.58726942396572, 1731.7453493726262, -94.86195098209112)
_____________in break____________
(1, 280.8166287613735, -1849.7779988693803, 96.33851402820068)
(0.2533608671142247, 0.04)
aligning

align
[4, 3, 5, 0, 1, 2]
(0, 1.7332530178673953, 1.0)
(1, 1.7332530178673953, 1.0)
[[0.2659648589884309, 0], [0.12000072124453176, 1]]
(2, 1.7332530178673953, 1.0)
[[0.4928836111507424, 1], [0.0, 0]]
(4, 0, 0.3202743060108509)
(5, 0, 0.20871482775448086)
 
('_______         _________', 2, '______         _______')
 
[[0.4928836111507424, 1], [0.0, 0]]
executing goToBall
_____________in break____________
(0, 236.0980178664479, 1733.9479114635442, -94.89725378527586)
_____________in break____________
(1, 280.8017190699732, -1847.5255606400383, 96.3251124284652)
(0.25282418689266706, 0.04)
aligning

align
[4, 3, 5, 0, 1, 2]
(0, 1.7332530178673953, 1.0)
(1, 1.7332530178673953, 1.0)
[[0.26511799007960724, 0], [0.12039097340074667, 1]]
(2, 1.7332530178673953, 1.0)
[[0.4932585910265872, 1], [0.0, 0]]
(4, 0, 0.3202744648083503)
(5, 0, 0.20871490127302486)
 
('_______         _________', 2, '______         _______')
 
[[0.4932585910265872, 1], [0.0, 0]]
executing goToBall
_____________in break____________
(0, 237.55891650120708, 1736.1485109398225, -94.93096837022523)
_____________in break____________
(1, 280.8268680163092, -1845.2741910934533, 96.31299257294602)
(0.24480517682264846, 0.04)
aligning

align
[4, 3, 5, 0, 1, 2]
(0, 1.7332530178673953, 1.0)
(1, 1.7332530178673953, 1.0)
[[0.26453607148031244, 0], [0.12082448067167517, 1]]
(2, 1.7332530178673953, 1.0)
[[0.493776881863738, 1], [0.0, 0]]
(4, 0, 0.3202742969214826)
(5, 0, 0.20871496520219285)
 
('_______         _________', 2, '______         _______')
 
[[0.493776881863738, 1], [0.0, 0]]
executing goToBall
_____________in break____________
(0, 239.09644278689558, 1738.4678084462978, -94.9686988782557)
_____________in break____________
(1, 280.73310799392004, -1842.9000245870816, 96.29864322819854)
(0.24396214286080475, 0.04)
aligning

align
[4, 3, 5, 0, 1, 2]
(0, 1.7332530178673953, 1.0)
(1, 1.7332530178673953, 1.0)
[[0.2636936519381323, 0], [0.12121082817029594, 1]]
(2, 1.7332530178673953, 1.0)
[[0.4941493044353109, 1], [0.0, 0]]
(4, 0, 0.3202744228643269)
(5, 0, 0.20871490766593653)
 
('_______         _________', 2, '______         _______')
 
[[0.4941493044353109, 1], [0.0, 0]]
executing goToBall
_____________in break____________
(0, 240.5928189214587, 1740.7777853512387, -95.00366289867512)
_____________in break____________
(1, 280.7100178499263, -1840.5392908797542, 96.2850952639351)
(0.23686221638909455, 0.04)
aligning

align
[4, 3, 5, 0, 1, 2]
(0, 1.7332530178673953, 1.0)
(1, 1.7332530178673953, 1.0)
[[0.263393261478317, 0], [0.12151435746106909, 1]]
(2, 1.7332530178673953, 1.0)
[[0.49454346932521176, 1], [0.0, 0]]
(4, 0, 0.32027431334878836)
(5, 0, 0.20871476382529458)
 
('_______         _________', 2, '______         _______')
 
[[0.49454346932521176, 1], [0.0, 0]]
executing goToBall
_____________in break____________
(0, 242.13706122289537, 1742.3868732889575, -95.03634530743004)
_____________in break____________
(1, 281.07238763642397, -1838.855163811738, 96.28005511853456)
(0.22952351371041413, 0.04)
aligning

align
[4, 3, 5, 0, 1, 2]
(0, 1.7332530178673953, 1.0)
(1, 1.7332530178673953, 1.0)
[[0.2631132546107646, 0], [0.12164238223383661, 1]]
(2, 1.7332530178673953, 1.0)
[[0.4946671742775415, 1], [0.0, 0]]
(4, 0, 0.3202744228643045)
(5, 0, 0.2087148757013297)
 
('_______         _________', 2, '______         _______')
 
[[0.4946671742775415, 1], [0.0, 0]]
executing goToBall
_____________in break____________
(0, 243.2961246326399, 1743.0022313704374, -95.05478845523999)
_____________in break____________
(1, 281.8255929447491, -1838.1677157460892, 96.28555973372124)
(0.22218475142708893, 0.04)
aligning

align
[4, 3, 5, 0, 1, 2]
(0, 1.7332530178673953, 1.0)
(1, 1.7332530178673953, 1.0)
[[0.2630924703667543, 0], [0.12181807170425918, 1]]
(2, 1.7332530178673953, 1.0)
[[0.4949381066173628, 1], [0.0, 0]]
(4, 0, 0.3202743407276645)
(5, 0, 0.2087149268446645)
 
('_______         _________', 2, '______         _______')
 
[[0.4949381066173628, 1], [0.0, 0]]
executing goToBall
_____________in break____________
(0, 243.88506552633928, 1742.8038215814304, -95.06156442381533)
_____________in break____________
(1, 282.53500723931336, -1838.3090973771266, 96.2962034217392)
(0.22192970315209504, 0.04)
aligning

align
[4, 3, 5, 0, 1, 2]
(0, 1.7332530178673953, 1.0)
(1, 1.7332530178673953, 1.0)
[[0.2633727079285624, 0], [0.12168998576269718, 1]]
(2, 1.7332530178673953, 1.0)
[[0.49481419826423156, 1], [0.0, 0]]
(4, 0, 0.32027449404939706)
(5, 0, 0.2087147830040419)
 
('_______         _________', 0, '______         _______')
 
executing goToBall
_____________in break____________
(1, 283.0529376070415, -1839.2950120552473, 96.30836691355404)
(2, 1844.3758719574105, 306.74352043452905, 11.436648928405807)
[4, 3, 5, 0, 1, 2]
(0, 1.7332530178673953, 1.0)
(1, 1.7332530178673953, 1.0)
[[0.26393421825768293, 0], [0.12143299121528806, 1]]
(2, 1.7332530178673953, 1.0)
[[0.49456574004245546, 1], [0.0, 0]]
(4, 0, 0.32027452142828816)
(5, 0, 0.20871478620051148)
 
('_______         _________', 0, '______         _______')
 
executing goToBall
_____________in break____________
(1, 283.4225433087155, -1841.0474077597673, 96.32298192697726)
(2, 1843.2569148103746, 309.992544069318, 11.600543471939543)
[4, 3, 5, 0, 1, 2]
(0, 1.7332530178673953, 1.0)
(1, 1.7332530178673953, 1.0)
[[0.26449711012999266, 0], [0.12117489863430908, 1]]
(2, 1.7332530178673953, 1.0)
[[0.4943164290516786, 1], [0.0, 0]]
(4, 0, 0.32027448309788736)
(5, 0, 0.20871475103950343)
 
('_______         _________', 0, '______         _______')
 
executing goToBall
_____________in break____________
(1, 283.8958192496624, -1843.3901823199872, 96.34277980941027)
(2, 1841.6913656444833, 314.416623471137, 11.82245351004895)
[4, 3, 5, 0, 1, 2]
(0, 1.7332530178673953, 1.0)
(1, 1.7332530178673953, 1.0)
[[0.2653629560073014, 0], [0.12061051624974262, 1]]
(2, 1.7332530178673953, 1.0)
[[0.49367157341819423, 1], [0.0, 0]]
(4, 0, 0.3202743845339351)
(5, 0, 0.2087146871103551)
 
('_______         _________', 0, '______         _______')
 
executing goToBall
_____________in break____________
(1, 284.34257940802934, -1845.8482677389047, 96.36118497371938)
(2, 1839.9115235460279, 319.6816632272362, 12.075465711279026)
[4, 3, 5, 0, 1, 2]
(0, 1.7332530178673953, 1.0)
(1, 1.7332530178673953, 1.0)
[[0.26592883205473905, 0], [0.12034980624872693, 1]]
(2, 1.7332530178673953, 1.0)
[[0.4934205558236009, 1], [0.0, 0]]
(4, 0, 0.32027440096126464)
(5, 0, 0.2087146711280648)
 
('_______         _________', 0, '______         _______')
 
executing goToBall
_____________in break____________
(1, 284.8195220362811, -1848.0512174751295, 96.37999104931777)
(2, 1838.4090625253602, 323.8468245557315, 12.284695201250617)
[4, 3, 5, 0, 1, 2]
(0, 1.7332530178673953, 1.0)
(1, 1.7332530178673953, 1.0)
[[0.26649609126677065, 0], [0.12008799624288313, 1]]
(2, 1.7332530178673953, 1.0)
[[0.493168697501257, 1], [0.0, 0]]
(4, 0, 0.3202744940494511)
(5, 0, 0.20871474784305719)
 
('_______         _________', 0, '______         _______')
 
executing goToBall
_____________in break____________
(1, 284.95389701695126, -1849.664590635663, 96.39063392002616)
(2, 1837.201741594159, 326.79188645007804, 12.434243109316506)
[4, 3, 5, 0, 1, 2]
(0, 1.7332530178673953, 1.0)
(1, 1.7332530178673953, 1.0)
[[0.26706473504272443, 0], [0.11982508497352784, 1]]
(2, 1.7332530178673953, 1.0)
[[0.4929160015750851, 1], [0.0, 0]]
(4, 0, 0.32027435167928237)
(5, 0, 0.20871482455806745)
 
('_______         _________', 0, '______         _______')
 
executing goToBall
_____________in break____________
(1, 284.8613720260063, -1851.4451650658793, 96.39955083873275)
(2, 1835.7138635924614, 330.00054621296016, 12.597705652789777)
[4, 3, 5, 0, 1, 2]
(0, 1.7332530178673953, 1.0)
(1, 1.7332530178673953, 1.0)
[[0.2676514690818679, 0], [0.11938677847558354, 1]]
(2, 1.7332530178673953, 1.0)
[[0.49239510051658897, 1], [0.0, 0]]
(4, 0, 0.32027436810660226)
(5, 0, 0.2087147862005586)
 
('_______         _________', 0, '______         _______')
 
executing goToBall
_____________in break____________
(1, 284.4765961484473, -1853.699256575854, 96.40701073205956)
(2, 1833.5048398621918, 334.7602953610886, 12.827084466548873)
[4, 3, 5, 0, 1, 2]
(0, 1.7332530178673953, 1.0)
(1, 1.7332530178673953, 1.0)
[[0.2682383258286074, 0], [0.11894799621994379, 1]]
(2, 1.7332530178673953, 1.0)
[[0.4918744701903437, 1], [0.0, 0]]
(4, 0, 0.32027448309789575)
(5, 0, 0.20871477021826218)
 
('_______         _________', 0, '______         _______')
 
executing goToBall
_____________in break____________
(1, 284.10312371531745, -1855.984321247291, 96.41476764119926)
(2, 1831.2503334587823, 339.5645323667768, 13.059171042913947)
[4, 3, 5, 0, 1, 2]
(0, 1.7332530178673953, 1.0)
(1, 1.7332530178673953, 1.0)
[[0.27003347831524627, 0], [0.11765237507984017, 1]]
(2, 1.7332530178673953, 1.0)
[[0.4914926243509834, 1], [0.0, 0]]
(4, 0, 0.32027443381589815)
(5, 0, 0.20871474464658213)
 
('_______         _________', 0, '______         _______')
 
executing goToBall
_____________in break____________
(1, 283.7233017154701, -1858.209205155751, 96.4220967826527)
(2, 1829.207019686307, 343.4377655433522, 13.259061916141084)
[4, 3, 5, 0, 1, 2]
(0, 1.7332530178673953, 1.0)
(1, 1.7332530178673953, 1.0)
[[0.270622404475906, 0], [0.11721187279176482, 1]]
(2, 1.7332530178673953, 1.0)
[[0.49063756096010813, 1], [0.0, 0]]
(4, 0, 0.32027448857364366)
(5, 0, 0.20871487570135727)
 
('_______         _________', 0, '______         _______')
 
executing goToBall
_____________in break____________
(1, 283.33175154011195, -1860.4326072249773, 96.42913945081554)
(2, 1826.9514332115082, 348.09230963972465, 13.484569759310594)
[4, 3, 5, 0, 1, 2]
(0, 1.7332530178673953, 1.0)
(1, 1.7332530178673953, 1.0)
[[0.27270869121299324, 0], [0.11576895790875241, 1]]
(2, 1.7332530178673953, 1.0)
[[0.4895624988971199, 1], [0.0, 0]]
(4, 0, 0.32027441191277306)
(5, 0, 0.20871491725530994)
 
('_______         _________', 0, '______         _______')
 
executing goToBall
_____________in break____________
(1, 283.066836755433, -1862.7747843237419, 96.43937683699635)
(2, 1824.778095573753, 352.27149974576207, 13.699005716216067)
[4, 3, 5, 0, 1, 2]
(0, 1.7332530178673953, 1.0)
(1, 1.7332530178673953, 1.0)
[[0.2751011238132395, 0], [0.11401802060672805, 1]]
(2, 1.7332530178673953, 1.0)
[[0.48743006431311064, 1], [0.0, 0]]
(4, 0, 0.3202745433313985)
(5, 0, 0.20871496839864243)
 
('_______         _________', 0, '______         _______')
 
executing goToBall
_____________in break____________
(1, 282.67610526389814, -1865.1139786521599, 96.44625971834415)
(2, 1822.4130017012546, 357.04860997601935, 13.932722225277075)
[4, 3, 5, 0, 1, 2]
(0, 1.7332530178673953, 1.0)
(1, 1.7332530178673953, 1.0)
[[0.2769152947579312, 0], [0.11253727977416661, 1]]
(2, 1.7332530178673953, 1.0)
[[0.48507781462746813, 1], [0.0, 0]]
(4, 0, 0.3202743681065603)
(5, 0, 0.20871491405884737)
 
('_______         _________', 0, '______         _______')
 
executing goToBall
_____________in break____________
(1, 282.0031885097855, -1866.7569080624542, 96.44679897261382)
(2, 1820.4387931207066, 360.53991685246285, 14.100965172733236)
[4, 3, 5, 0, 1, 2]
(0, 1.7332530178673953, 1.0)
(1, 1.7332530178673953, 1.0)
[[0.2790883813503813, 0], [0.1106019844418018, 1]]
(2, 1.7332530178673953, 1.0)
[[0.48233211601763637, 1], [0.0, 0]]
(4, 0, 0.3202743188245859)
(5, 0, 0.2087147670217755)
 
('_______         _________', 0, '______         _______')
 
executing goToBall
_____________in break____________
(1, 280.9265810247055, -1867.3682688773101, 96.43663611393902)
(2, 1819.3525202219712, 361.26417910702895, 14.143530375060598)
[4, 3, 5, 0, 1, 2]
(0, 1.7332530178673953, 1.0)
(1, 1.7332530178673953, 1.0)
[[0.281258795098116, 0], [0.1084917443568858, 1]]
(2, 1.7332530178673953, 1.0)
[[0.4791175871599531, 1], [0.0, 0]]
(4, 0, 0.32027437358234906)
(5, 0, 0.2087148757013608)
 
('_______         _________', 0, '______         _______')
 
executing goToBall
_____________in break____________
(1, 279.7476387674344, -1867.0897269764362, 96.42025097846609)
(2, 1818.8049765027256, 361.12945821773786, 14.128047002307001)
[4, 3, 5, 0, 1, 2]
(0, 1.7332530178673953, 1.0)
(1, 1.7332530178673953, 1.0)
[[0.2834208774076763, 0], [0.10654451224418393, 1]]
(2, 1.7332530178673953, 1.0)
[[0.47649612332737723, 1], [0.0, 0]]
(4, 0, 0.32027446119477276)
(5, 0, 0.20871492684470053)
 
('_______         _________', 0, '______         _______')
 
executing goToBall
_____________in break____________
(1, 278.7214198400969, -1865.9672064399604, 96.40123112662695)
(2, 1819.2608266199416, 358.7856498579964, 14.012231660247476)
[4, 3, 5, 0, 1, 2]
(0, 1.7332530178673953, 1.0)
(1, 1.7332530178673953, 1.0)
[[0.2849311200083906, 0], [0.1051855652921021, 1]]
(2, 1.7332530178673953, 1.0)
[[0.47424096478435773, 1], [0.0, 0]]
(4, 0, 0.32027443381589693)
(5, 0, 0.2087147830040808)
 
('_______         _________', 0, '______         _______')
 
executing goToBall
_____________in break____________
(1, 278.12543610172895, -1864.1143496248437, 96.38270636541564)
(2, 1820.4125881918555, 356.00353718371804, 13.858282301231556)
[4, 3, 5, 0, 1, 2]
(0, 1.7332530178673953, 1.0)
(1, 1.7332530178673953, 1.0)
[[0.2858553046618906, 0], [0.10443095918880596, 1]]
(2, 1.7332530178673953, 1.0)
[[0.4731390190110112, 1], [0.0, 0]]
(4, 0, 0.32027450500099064)
(5, 0, 0.2087147989863772)
 
('_______         _________', 0, '______         _______')
 
executing goToBall
_____________in break____________
(1, 277.9926751550438, -1861.7965011907424, 96.36865324722568)
(2, 1822.5013098634392, 351.0955246728281, 13.620226132461283)
[4, 3, 5, 0, 1, 2]
(0, 1.7332530178673953, 1.0)
(1, 1.7332530178673953, 1.0)
[[0.2877215596109135, 0], [0.10260629757862905, 1]]
(2, 1.7332530178673953, 1.0)
[[0.4709808534191251, 1], [0.0, 0]]
(4, 0, 0.3202745159525315)
(5, 0, 0.2087147350571987)
 
('_______         _________', 0, '______         _______')
 
executing goToBall
_____________in break____________
(1, 277.85411488164823, -1859.4657070559795, 96.35348409552645)
(2, 1824.4308097196783, 346.8595321058322, 13.403814978993728)
[4, 3, 5, 0, 1, 2]
(0, 1.7332530178673953, 1.0)
(1, 1.7332530178673953, 1.0)
[[0.2898712665641243, 0], [0.10062215519710271, 1]]
(2, 1.7332530178673953, 1.0)
[[0.46846568957018775, 1], [0.0, 0]]
(4, 0, 0.3202745378556335)
(5, 0, 0.2087146807174046)
 
('_______         _________', 2, '______         _______')
 
[[0.46846568957018775, 1], [0.0, 0]]
executing goToBall
_____________in break____________
(0, 226.6861883265588, 1724.7913606559662, -94.70775350206796)
_____________in break____________
(1, 277.80330294734745, -1857.1440485916132, 96.34022319048155)
(0.2399493836269917, 0.04)
aligning

align
[4, 3, 5, 0, 1, 2]
(0, 1.7332530178673953, 1.0)
(1, 1.7332530178673953, 1.0)
[[0.29231381222263453, 0], [0.09865350640350767, 1]]
(2, 1.7332530178673953, 1.0)
[[0.4655851261245325, 1], [0.0, 0]]
(4, 0, 0.3202744995251999)
(5, 0, 0.2087147062890702)
 
('_______         _________', 2, '______         _______')
 
[[0.4655851261245325, 1], [0.0, 0]]
executing goToBall
_____________in break____________
(0, 228.23819780973562, 1727.0533095809749, -94.74542669060375)
_____________in break____________
(1, 277.76763712542834, -1854.8274159714051, 96.32722329289555)
(0.25576259218279596, 0.04)
aligning

align
[4, 3, 5, 0, 1, 2]
(0, 1.7332530178673953, 1.0)
(1, 1.7332530178673953, 1.0)
[[0.2953981546335207, 0], [0.09574039202013918, 1]]
(2, 1.7332530178673953, 1.0)
[[0.4625776231022196, 1], [0.0, 0]]
(4, 0, 0.32027432977614423)
(5, 0, 0.20871485652261515)
 
('_______         _________', 2, '______         _______')
 
[[0.4625776231022196, 1], [0.0, 0]]
executing goToBall
_____________in break____________
(0, 229.71237906208793, 1729.319074001622, -94.77998735654151)
_____________in break____________
(1, 277.75783747644425, -1852.5138450473066, 96.31441706163001)
(0.27287954460211505, 0.04)
aligning

align
[4, 3, 5, 0, 1, 2]
(0, 1.7332530178673953, 1.0)
(1, 1.7332530178673953, 1.0)
[[0.29936378820224796, 0], [0.09253906684555879, 1]]
(2, 1.7332530178673953, 1.0)
[[0.45919906095278895, 1], [0.0, 0]]
(4, 0, 0.3202744228643616)
(5, 0, 0.20871479259347356)
 
('_______         _________', 2, '______         _______')
 
[[0.45919906095278895, 1], [0.0, 0]]
executing goToBall
_____________in break____________
(0, 231.3151891977944, 1731.571359542656, -94.81808700827473)
_____________in break____________
(1, 277.7797201378229, -1850.2017699052583, 96.30205709826309)
(0.28508601607768824, 0.04)
aligning

align
[4, 3, 5, 0, 1, 2]
(0, 1.7332530178673953, 1.0)
(1, 1.7332530178673953, 1.0)
[[0.30426612883980697, 0], [0.08825045958986921, 1]]
(2, 1.7332530178673953, 1.0)
[[0.45556964405442857, 1], [0.0, 0]]
(4, 0, 0.3202744228643933)
(5, 0, 0.2087148085757986)
 
('_______         _________', 2, '______         _______')
 
[[0.45556964405442857, 1], [0.0, 0]]
executing goToBall
_____________in break____________
(0, 232.91747881673209, 1733.8199676000804, -94.85487531144825)
_____________in break____________
(1, 277.82082745205867, -1847.8985221732116, 96.28901202443534)
(0.2925854978269671, 0.04)
aligning

align
[4, 3, 5, 0, 1, 2]
(0, 1.7332530178673953, 1.0)
(1, 1.7332530178673953, 1.0)
[[0.3097673432282053, 0], [0.08378168185907553, 1]]
(2, 1.7332530178673953, 1.0)
[[0.4526724141845584, 1], [0.0, 0]]
(4, 0, 0.3202744064370713)
(5, 0, 0.20871482136163855)
 
('_______         _________', 2, '______         _______')
 
[[0.4526724141845584, 1], [0.0, 0]]
executing goToBall
_____________in break____________
(0, 234.56613579610922, 1736.0065977475213, -94.89287618362248)
_____________in break____________
(1, 277.93728392688143, -1845.6455045797416, 96.27810755438723)
(0.29823003357353706, 0.04)
aligning

align
[4, 3, 5, 0, 1, 2]
(0, 1.7332530178673953, 1.0)
(1, 1.7332530178673953, 1.0)
[[0.3153023808763469, 0], [0.0786549860891026, 1]]
(2, 1.7332530178673953, 1.0)
[[0.44965022798190235, 1], [0.0, 0]]
(4, 0, 0.32027432977619513)
(5, 0, 0.2087148980766271)
 
('_______         _________', 2, '______         _______')
 
[[0.44965022798190235, 1], [0.0, 0]]
executing goToBall
_____________in break____________
(0, 236.14926653346194, 1738.2923114527186, -94.92873327322503)
_____________in break____________
(1, 278.0184603502927, -1843.3027006132388, 96.2660194778382)
(0.30158148437456944, 0.04)
aligning

align
[4, 3, 5, 0, 1, 2]
(0, 1.7332530178673953, 1.0)
(1, 1.7332530178673953, 1.0)
[[0.32174675343744363, 0], [0.07319566011097889, 1]]
(2, 1.7332530178673953, 1.0)
[[0.44625074296326517, 1], [0.0, 0]]
(4, 0, 0.3202743060109119)
(5, 0, 0.20871494602350332)
 
('_______         _________', 2, '______         _______')
 
[[0.44625074296326517, 1], [0.0, 0]]
executing goToBall
_____________in break____________
(0, 237.91779415199846, 1740.6596385089663, -94.9696141762313)
_____________in break____________
(1, 278.1154675620224, -1840.8647407642343, 96.25354254595389)
(0.30189707203565064, 0.04)
aligning

align
[4, 3, 5, 0, 1, 2]
(0, 1.7332530178673953, 1.0)
(1, 1.7332530178673953, 1.0)
[[0.3269448283550682, 0], [0.06861656535544025, 1]]
(2, 1.7332530178673953, 1.0)
[[0.4427245068600558, 1], [0.0, 0]]
(4, 0, 0.3202743279139839)
(5, 0, 0.2087149268447205)
 
('_______         _________', 2, '______         _______')
 
[[0.4427245068600558, 1], [0.0, 0]]
executing goToBall
_____________in break____________
(0, 239.4773723678918, 1742.7929404086137, -95.00380730042012)
_____________in break____________
(1, 278.28838365112995, -1838.67031773294, 96.243469858288)
(0.3019013084402564, 0.04)
aligning

align
[4, 3, 5, 0, 1, 2]
(0, 1.7332530178673953, 1.0)
(1, 1.7332530178673953, 1.0)
[[0.33216128534193423, 0], [0.06407112315225483, 1]]
(2, 1.7332530178673953, 1.0)
[[0.43975599297840384, 1], [0.0, 0]]
(4, 0, 0.32027445385677245)
(5, 0, 0.2087147734146641)
 
('_______         _________', 2, '______         _______')
 
[[0.43975599297840384, 1], [0.0, 0]]
executing goToBall
_____________in break____________
(0, 240.79941171189557, 1744.2822442176769, -95.03151429910838)
_____________in break____________
(1, 278.5403412286719, -1837.1249773424352, 96.23701880021643)
(0.30027218310772774, 0.04)
aligning

align
[4, 3, 5, 0, 1, 2]
(0, 1.7332530178673953, 1.0)
(1, 1.7332530178673953, 1.0)
[[0.3361553054128441, 0], [0.06069954763703933, 1]]
(2, 1.7332530178673953, 1.0)
[[0.43713617379885905, 1], [0.0, 0]]
(4, 0, 0.3202743133487485)
(5, 0, 0.20871483734379398)
 
('_______         _________', 2, '______         _______')
 
[[0.43713617379885905, 1], [0.0, 0]]
executing goToBall
_____________in break____________
(0, 242.14545933669032, 1745.9534508837646, -95.06129207970557)
_____________in break____________
(1, 278.750999151815, -1835.3914130379794, 96.23055337429427)
(0.297132612410584, 0.04)
aligning

align
[4, 3, 5, 0, 1, 2]
(0, 1.7332530178673953, 1.0)
(1, 1.7332530178673953, 1.0)
[[0.3392055002614911, 0], [0.058112037933403915, 1]]
(2, 1.7332530178673953, 1.0)
[[0.4352769002775152, 1], [0.0, 0]]
(4, 0, 0.3202744447673662)
(5, 0, 0.20432868315022398)
 
('_______         _________', 2, '______         _______')
 
[[0.4352769002775152, 1], [0.0, 0]]
executing goToBall
_____________in break____________
(0, 243.7986382437278, 1748.2517966416253, -95.09881242383007)
_____________in break____________
(1, 278.8015718156108, -1833.0330130696773, 96.2169050391418)
(0.2912503436975946, 0.04)
aligning

align
[4, 3, 5, 0, 1, 2]
(0, 1.7332530178673953, 1.0)
(1, 1.7332530178673953, 1.0)
[[0.34135059746412333, 0], [0.05610412235126239, 1]]
(2, 1.7332530178673953, 1.0)
[[0.4340578569343623, 1], [0.0, 0]]
(4, 0, 0.3202744228642706)
(5, 0, 0.19706862848231035)
 
('_______         _________', 2, '______         _______')
 
[[0.4340578569343623, 1], [0.0, 0]]
executing goToBall
_____________in break____________
(0, 245.48331041061766, 1750.5601337178737, -95.13702577075242)
_____________in break____________
(1, 278.94891941410754, -1830.6520369503464, 96.20603650048665)
(0.28036782221418655, 0.04)
aligning

align
[4, 3, 5, 0, 1, 2]
(0, 1.7332530178673953, 1.0)
(1, 1.7332530178673953, 1.0)
[[0.3434960713975723, 0], [0.054032793837695436, 1]]
(2, 1.7332530178673953, 1.0)
[[0.4328752016716848, 1], [0.0, 0]]
(4, 0, 0.32027441738849005)
(5, 0, 0.1918728929222632)
 
('_______         _________', 2, '______         _______')
 
[[0.4328752016716848, 1], [0.0, 0]]
executing goToBall
_____________in break____________
(0, 246.9327644163185, 1752.1722660098771, -95.16721200345302)
_____________in break____________
(1, 279.2304511074183, -1828.976739163211, 96.19893539127615)
(0.2688668850203122, 0.04)
aligning

align
[4, 3, 5, 0, 1, 2]
(0, 1.7332530178673953, 1.0)
(1, 1.7332530178673953, 1.0)
[[0.3447357191112417, 0], [0.053019805286268706, 1]]
(2, 1.7332530178673953, 1.0)
[[0.43272002082745864, 1], [0.0, 0]]
(4, 0, 0.320274494049376)
(5, 0, 0.1901719357779654)
 
('_______         _________', 2, '______         _______')
 
[[0.43272002082745864, 1], [0.0, 0]]
executing goToBall
_____________in break____________
(0, 247.97951637572493, 1752.72496852566, -95.18490445320155)
_____________in break____________
(1, 279.90634329578495, -1828.351805198562, 96.20480222813015)
(0.2583982865316532, 0.04)
aligning

align
[4, 3, 5, 0, 1, 2]
(0, 1.7332530178673953, 1.0)
(1, 1.7332530178673953, 1.0)
[[0.34566052996618746, 0], [0.052083996119041576, 1]]
(2, 1.7332530178673953, 1.0)
[[0.4324288803514178, 1], [0.0, 0]]
(4, 0, 0.3202745323798271)
(5, 0, 0.19115429083816302)
 
('_______         _________', 2, '______         _______')
 
[[0.4324288803514178, 1], [0.0, 0]]
executing goToBall
_____________in break____________
(0, 248.36550399396637, 1752.4001880668466, -95.18698548066422)
_____________in break____________
(1, 280.5271807388974, -1828.6369841598537, 96.21439645774163)
(0.2488724521926926, 0.04)
aligning

align
[4, 3, 5, 0, 1, 2]
(0, 1.7332530178673953, 1.0)
(1, 1.7332530178673953, 1.0)
[[0.34597900622498345, 0], [0.0519523685964427, 1]]
(2, 1.7332530178673953, 1.0)
[[0.43231533892324725, 1], [0.0, 0]]
(4, 0, 0.32027449952517073)
(5, 0, 0.19459460892031608)
 
('_______         _________', 2, '______         _______')
 
[[0.43231533892324725, 1], [0.0, 0]]
executing goToBall
_____________in break____________
(0, 247.97054087392118, 1751.313677294816, -95.1740982343751)
_____________in break____________
(1, 280.8753822241184, -1829.723283017668, 96.22524848943729)
(0.24043863337555393, 0.04)
aligning

align
[4, 3, 5, 0, 1, 2]
(0, 1.7332530178673953, 1.0)
(1, 1.7332530178673953, 1.0)
[[0.3466170252353309, 0], [0.05168847111356678, 1]]
(2, 1.7332530178673953, 1.0)
[[0.43208770616443415, 1], [0.0, 0]]
(4, 0, 0.3202743297760981)
(5, 0, 0.20039152754750697)
 
('_______         _________', 2, '______         _______')
 
[[0.43208770616443415, 1], [0.0, 0]]
executing goToBall
_____________in break____________
(0, 247.06538582661224, 1749.4895666620953, -95.1497474410143)
_____________in break____________
(1, 281.1961255758216, -1831.566585295984, 96.24005103868815)
(0.2323178581527756, 0.04)
aligning

align
[4, 3, 5, 0, 1, 2]
(0, 1.7332530178673953, 1.0)
(1, 1.7332530178673953, 1.0)
[[0.3475767220263015, 0], [0.05129101867292318, 1]]
(2, 1.7332530178673953, 1.0)
[[0.4317448871320706, 1], [0.0, 0]]
(4, 0, 0.3202744228643155)
(5, 0, 0.20767322604256483)
 
('_______         _________', 2, '______         _______')
 
[[0.4317448871320706, 1], [0.0, 0]]
executing goToBall
_____________in break____________
(0, 245.991170834765, 1747.1949981874411, -95.12030012540068)
_____________in break____________
(1, 281.6196282936496, -1833.8820556495054, 96.25843845548)
(0.2245182327560471, 0.04)
aligning

align
[4, 3, 5, 0, 1, 2]
(0, 1.7332530178673953, 1.0)
(1, 1.7332530178673953, 1.0)
[[0.3482183002862733, 0], [0.05102497951330509, 1]]
(2, 1.7332530178673953, 1.0)
[[0.43151543163936923, 1], [0.0, 0]]
(4, 0, 0.3202744228643297)
(5, 0, 0.2087149460234395)
 
('_______         _________', 2, '______         _______')
 
[[0.43151543163936923, 1], [0.0, 0]]
executing goToBall
_____________in break____________
(0, 244.8577985741407, 1744.8918993424736, -95.08907815804073)
_____________in break____________
(1, 282.0802920267739, -1836.205914457099, 96.27812691642542)
(0.21654371649559856, 0.04)
aligning

align
[4, 3, 5, 0, 1, 2]
(0, 1.7332530178673953, 1.0)
(1, 1.7332530178673953, 1.0)
[[0.3488613040681199, 0], [0.05075808365340384, 1]]
(2, 1.7332530178673953, 1.0)
[[0.4312852516119672, 1], [0.0, 0]]
(4, 0, 0.32027441738855744)
(5, 0, 0.2087149268446936)
 
('_______         _________', 2, '______         _______')
 
[[0.4312852516119672, 1], [0.0, 0]]
executing goToBall
_____________in break____________
(0, 243.69552002681658, 1742.6020703113618, -95.0575527561159)
_____________in break____________
(1, 282.5027924665283, -1838.5187530055007, 96.29721441954976)
(0.20929662615593791, 0.04)
aligning

align
[4, 3, 5, 0, 1, 2]
(0, 1.7332530178673953, 1.0)
(1, 1.7332530178673953, 1.0)
[[0.3498035761094558, 0], [0.05023218628142878, 1]]
(2, 1.7332530178673953, 1.0)
[[0.43070695683628335, 1], [0.0, 0]]
(4, 0, 0.320274340727687)
(5, 0, 0.2087147734146888)
 
('_______         _________', 2, '______         _______')
 
[[0.43070695683628335, 1], [0.0, 0]]
executing goToBall
_____________in break____________
(0, 242.4068154544569, 1740.327596842993, -95.02425768477008)
_____________in break____________
(1, 282.7177524657446, -1840.8360287972062, 96.31193312202471)
(0.20229558378991008, 0.04)
aligning

align
[4, 3, 5, 0, 1, 2]
(0, 1.7332530178673953, 1.0)
(1, 1.7332530178673953, 1.0)
[[0.35044951464305996, 0], [0.049963373531708655, 1]]
(2, 1.7332530178673953, 1.0)
[[0.4304753305597746, 1], [0.0, 0]]
(4, 0, 0.3202742786319757)
(5, 0, 0.20871483734385968)
 
('_______         _________', 0, '______         _______')
 
executing goToBall
_____________in break____________
(1, 283.0715483809901, -1843.1446250809893, 96.33003702174295)
(2, 1841.3136326994456, 314.4780070605478, 11.81500032847915)
[4, 3, 5, 0, 1, 2]
(0, 1.7332530178673953, 1.0)
(1, 1.7332530178673953, 1.0)
[[0.3514210943101732, 0], [0.049558553252056825, 1]]
(2, 1.7332530178673953, 1.0)
[[0.4301265525604099, 1], [0.0, 0]]
(4, 0, 0.3202743114866403)
(5, 0, 0.20871483734387022)
 
('_______         _________', 0, '______         _______')
 
executing goToBall
_____________in break____________
(1, 283.4336704931204, -1845.4081612000334, 96.34705260152924)
(2, 1839.7780015874919, 318.61249049704554, 12.024779977370143)
[4, 3, 5, 0, 1, 2]
(0, 1.7332530178673953, 1.0)
(1, 1.7332530178673953, 1.0)
[[0.3520705966029336, 0], [0.0492876058367413, 1]]
(2, 1.7332530178673953, 1.0)
[[0.4298931453438155, 1], [0.0, 0]]
(4, 0, 0.3202745323798579)
(5, 0, 0.2087147925934469)
 
('_______         _________', 0, '______         _______')
 
executing goToBall
_____________in break____________
(1, 283.7198458437583, -1847.7568318635263, 96.36447884634467)
(2, 1838.0540544084645, 323.0042827545169, 12.245912918016458)
[4, 3, 5, 0, 1, 2]
(0, 1.7332530178673953, 1.0)
(1, 1.7332530178673953, 1.0)
[[0.35269345237573946, 0], [0.04889317600988319, 1]]
(2, 1.7332530178673953, 1.0)
[[0.4294291931098626, 1], [0.0, 0]]
(4, 0, 0.32027441738851475)
(5, 0, 0.20871472866423224)
 
('_______         _________', 0, '______         _______')
 
executing goToBall
_____________in break____________
(1, 283.4545251897179, -1850.1827559650758, 96.37462578132885)
(2, 1835.8054887747035, 328.1257929904681, 12.492654575081126)
[4, 3, 5, 0, 1, 2]
(0, 1.7332530178673953, 1.0)
(1, 1.7332530178673953, 1.0)
[[0.3536422103252135, 0], [0.04836224343928164, 1]]
(2, 1.7332530178673953, 1.0)
[[0.42884816893399114, 1], [0.0, 0]]
(4, 0, 0.3202743681065118)
(5, 0, 0.20871471268192143)
 
('_______         _________', 0, '______         _______')
 
executing goToBall
_____________in break____________
(1, 282.97622488133027, -1852.3565738394886, 96.37960653874309)
(2, 1833.6782099685702, 332.6023837923919, 12.709805243130011)
[4, 3, 5, 0, 1, 2]
(0, 1.7332530178673953, 1.0)
(1, 1.7332530178673953, 1.0)
[[0.3539686249854843, 0], [0.048225622601203444, 1]]
(2, 1.7332530178673953, 1.0)
[[0.4290261024119588, 1], [0.0, 0]]
(4, 0, 0.32027432430030156)
(5, 0, 0.20871478939691981)
 
('_______         _________', 0, '______         _______')
 
executing goToBall
_____________in break____________
(1, 282.4734369177892, -1853.8578715138049, 96.38242576474791)
(2, 1832.145438541577, 335.2369384779354, 12.844911516378765)
[4, 3, 5, 0, 1, 2]
(0, 1.7332530178673953, 1.0)
(1, 1.7332530178673953, 1.0)
[[0.3545919169391487, 0], [0.04783040662695104, 1]]
(2, 1.7332530178673953, 1.0)
[[0.42856237791991036, 1], [0.0, 0]]
(4, 0, 0.320274499525131)
(5, 0, 0.20871486611191395)
 
('_______         _________', 0, '______         _______')
 
executing goToBall
_____________in break____________
(1, 282.0228243974087, -1855.5569943004234, 96.38540893570297)
(2, 1830.368595134156, 338.887328692339, 13.019695426567779)
[4, 3, 5, 0, 1, 2]
(0, 1.7332530178673953, 1.0)
(1, 1.7332530178673953, 1.0)
[[0.3552465699394265, 0], [0.047555926002897486, 1]]
(2, 1.7332530178673953, 1.0)
[[0.42803103581991, 1], [0.0, 0]]
(4, 0, 0.3202745323797861)
(5, 0, 0.20871481816503748)
 
('_______         _________', 0, '______         _______')
 
executing goToBall
_____________in break____________
(1, 281.8092331368747, -1857.8866232727412, 96.39631460117316)
(2, 1828.284134626435, 343.067864050824, 13.233421674057913)
[4, 3, 5, 0, 1, 2]
(0, 1.7332530178673953, 1.0)
(1, 1.7332530178673953, 1.0)
[[0.35681584693616664, 0], [0.04669375957531674, 1]]
(2, 1.7332530178673953, 1.0)
[[0.42636333131123383, 1], [0.0, 0]]
(4, 0, 0.32027448857357843)
(5, 0, 0.2087148117721219)
 
('_______         _________', 2, '______         _______')
 
[[0.42636333131123383, 1], [0.0, 0]]
executing goToBall
_____________in break____________
(0, 228.24094617295808, 1721.4631681971416, -94.70416212806366)
_____________in break____________
(1, 281.46719879477524, -1860.253165472553, 96.40408321700139)
(0.16123065150765115, 0.04)
aligning

align
[4, 3, 5, 0, 1, 2]
(0, 1.7332530178673953, 1.0)
(1, 1.7332530178673953, 1.0)
[[0.3587058849980438, 0], [0.04528208043902682, 1]]
(2, 1.7332530178673953, 1.0)
[[0.42594944050706784, 1], [0.0, 0]]
(4, 0, 0.32027440096122134)
(5, 0, 0.2087148053792691)
 
('_______         _________', 2, '______         _______')
 
[[0.42594944050706784, 1], [0.0, 0]]
executing goToBall
_____________in break____________
(0, 226.68199175452426, 1719.879315311403, -94.67243423595568)
_____________in break____________
(1, 281.05154273376695, -1861.9042877501875, 96.4088314244559)
(0.15773079934617407, 0.04)
aligning

align
[4, 3, 5, 0, 1, 2]
(0, 1.7332530178673953, 1.0)
(1, 1.7332530178673953, 1.0)
[[0.35994430588204285, 0], [0.04408010045808819, 1]]
(2, 1.7332530178673953, 1.0)
[[0.4245226049290567, 1], [0.0, 0]]
(4, 0, 0.32027439548546666)
(5, 0, 0.20871493643408298)
 
('_______         _________', 2, '______         _______')
 
[[0.4245226049290567, 1], [0.0, 0]]
executing goToBall
_____________in break____________
(0, 225.55851191693074, 1719.338772517823, -94.65376930428828)
_____________in break____________
(1, 280.2905342795618, -1862.5198487005644, 96.4017043209136)
(0.1581758497694281, 0.04)
aligning

align
[4, 3, 5, 0, 1, 2]
(0, 1.7332530178673953, 1.0)
(1, 1.7332530178673953, 1.0)
[[0.3605565619562099, 0], [0.04327326666589171, 1]]
(2, 1.7332530178673953, 1.0)
[[0.4243478486388761, 1], [0.0, 0]]
(4, 0, 0.3202745050010015)
(5, 0, 0.20871480537930545)
 
('_______         _________', 2, '______         _______')
 
[[0.4243478486388761, 1], [0.0, 0]]
executing goToBall
_____________in break____________
(0, 224.9272629108743, 1719.7608098581823, -94.64883852935426)
_____________in break____________
(1, 279.4372716193136, -1862.1541135468844, 96.38965700212512)
(0.16246971044398428, 0.04)
aligning

align
[4, 3, 5, 0, 1, 2]
(0, 1.7332530178673953, 1.0)
(1, 1.7332530178673953, 1.0)
[[0.361750765531784, 0], [0.04201904168820603, 1]]
(2, 1.7332530178673953, 1.0)
[[0.4239494886429269, 1], [0.0, 0]]
(4, 0, 0.3202743626308403)
(5, 0, 0.20871474784307362)
 
('_______         _________', 2, '______         _______')
 
[[0.4239494886429269, 1], [0.0, 0]]
executing goToBall
_____________in break____________
(0, 224.98515063320738, 1721.0599922035099, -94.65860846704766)
_____________in break____________
(1, 278.61468253083785, -1860.8949765618179, 96.37129333621075)
(0.163466487901073, 0.04)
aligning

align
[4, 3, 5, 0, 1, 2]
(0, 1.7332530178673953, 1.0)
(1, 1.7332530178673953, 1.0)
[[0.36264895791054474, 0], [0.04101845014387795, 1]]
(2, 1.7332530178673953, 1.0)
[[0.4231096195994981, 1], [0.0, 0]]
(4, 0, 0.3202743954854765)
(5, 0, 0.20871479259346876)
 
('_______         _________', 2, '______         _______')
 
[[0.4231096195994981, 1], [0.0, 0]]
executing goToBall
_____________in break____________
(0, 225.90457287876654, 1723.0871878699938, -94.68542834520592)
_____________in break____________
(1, 278.1540855829752, -1858.858354221149, 96.35405236204572)
(0.16181691345062266, 0.04)
aligning

align
[4, 3, 5, 0, 1, 2]
(0, 1.7332530178673953, 1.0)
(1, 1.7332530178673953, 1.0)
[[0.3642024694634882, 0], [0.03979656876373383, 1]]
(2, 1.7332530178673953, 1.0)
[[0.4220007611774155, 1], [0.0, 0]]
(4, 0, 0.32027434072766287)
(5, 0, 0.20871473505716326)
 
('_______         _________', 2, '______         _______')
 
[[0.4220007611774155, 1], [0.0, 0]]
executing goToBall
_____________in break____________
(0, 227.40479220613605, 1725.3841891904458, -94.72281674473683)
_____________in break____________
(1, 278.04072903957916, -1856.511957419066, 96.33993938040159)
(0.15710036837437613, 0.04)
aligning

align
[4, 3, 5, 0, 1, 2]
(0, 1.7332530178673953, 1.0)
(1, 1.7332530178673953, 1.0)
[[0.3663266592092378, 0], [0.03764353427415701, 1]]
(2, 1.7332530178673953, 1.0)
[[0.4202923799642502, 1], [0.0, 0]]
(4, 0, 0.32027427863197255)
(5, 0, 0.2087146839138566)
 
('_______         _________', 0, '______         _______')
 
executing goToBall
_____________in break____________
(1, 277.9382872082617, -1854.1825907411196, 96.32592845230755)
(2, 1829.001156730182, 336.7545321955504, 12.898393658340035)
[4, 3, 5, 0, 1, 2]
(0, 1.7332530178673953, 1.0)
(1, 1.7332530178673953, 1.0)
[[0.3681579349757862, 0], [0.03568510080905751, 1]]
(2, 1.7332530178673953, 1.0)
[[0.41924842443103216, 1], [0.0, 0]]
(4, 0, 0.3202743224382048)
(5, 0, 0.20871470948555076)
 
('_______         _________', 0, '______         _______')
 
executing goToBall
_____________in break____________
(1, 277.79325344385995, -1851.866822584978, 96.31060138316565)
(2, 1830.83592705377, 332.5265241661462, 12.683363361680742)
[4, 3, 5, 0, 1, 2]
(0, 1.7332530178673953, 1.0)
(1, 1.7332530178673953, 1.0)
[[0.36968956350880644, 0], [0.03397258328976216, 1]]
(2, 1.7332530178673953, 1.0)
[[0.4185415945526336, 1], [0.0, 0]]
(4, 0, 0.320274505001013)
(5, 0, 0.20871485971910902)
 
('_______         _________', 2, '______         _______')
 
[[0.4185415945526336, 1], [0.0, 0]]
executing goToBall
_____________in break____________
(0, 231.6563611126678, 1732.2220968204774, -94.82685885367965)
_____________in break____________
(1, 277.7085029652642, -1849.542624071942, 96.29766309641111)
(0.13449662689736286, 0.04)
aligning

align
[4, 3, 5, 0, 1, 2]
(0, 1.7332530178673953, 1.0)
(1, 1.7332530178673953, 1.0)
[[0.3712031124275761, 0], [0.03261396088866597, 1]]
(2, 1.7332530178673953, 1.0)
[[0.4179912422494225, 1], [0.0, 0]]
(4, 0, 0.32027440096126814)
(5, 0, 0.20871477661119342)
 
('_______         _________', 2, '______         _______')
 
[[0.4179912422494225, 1], [0.0, 0]]
executing goToBall
_____________in break____________
(0, 233.08007877630794, 1734.4940921694065, -94.86164980239589)
_____________in break____________
(1, 277.55716985416063, -1847.2299227977064, 96.28217178771224)
(0.1308865396235941, 0.04)
aligning

align
[4, 3, 5, 0, 1, 2]
(0, 1.7332530178673953, 1.0)
(1, 1.7332530178673953, 1.0)
[[0.37115982616932497, 0], [0.03254400657229484, 1]]
(2, 1.7332530178673953, 1.0)
[[0.4182234397996689, 1], [0.0, 0]]
(4, 0, 0.3202744119128251)
(5, 0, 0.20871483095098997)
 
('_______         _________', 2, '______         _______')
 
[[0.4182234397996689, 1], [0.0, 0]]
executing goToBall
_____________in break____________
(0, 234.61130793489184, 1736.7523278471642, -94.8975867352725)
_____________in break____________
(1, 277.52110515486504, -1844.9220919931233, 96.26807589499136)
(0.1321123941681943, 0.04)
aligning

align
[4, 3, 5, 0, 1, 2]
(0, 1.7332530178673953, 1.0)
(1, 1.7332530178673953, 1.0)
[[0.37019816710821374, 0], [0.03306282654652648, 1]]
(2, 1.7332530178673953, 1.0)
[[0.4187934373358968, 1], [0.0, 0]]
(4, 0, 0.3202744721463605)
(5, 0, 0.20871488209432157)
 
('_______         _________', 2, '______         _______')
 
[[0.4187934373358968, 1], [0.0, 0]]
executing goToBall
_____________in break____________
(0, 236.16814575120304, 1739.0060278770736, -94.93404596552818)
_____________in break____________
(1, 277.58474675118816, -1842.6063529233304, 96.25687140802924)
(0.13233615000468113, 0.04)
aligning

align
[4, 3, 5, 0, 1, 2]
(0, 1.7332530178673953, 1.0)
(1, 1.7332530178673953, 1.0)
[[0.3695338289659018, 0], [0.033334299581579074, 1]]
(2, 1.7332530178673953, 1.0)
[[0.4190242770604309, 1], [0.0, 0]]
(4, 0, 0.32027444476747796)
(5, 0, 0.20871482775452777)
 
('_______         _________', 2, '______         _______')
 
[[0.4190242770604309, 1], [0.0, 0]]
executing goToBall
_____________in break____________
(0, 237.7676525709787, 1741.252155593016, -94.9706164925024)
_____________in break____________
(1, 277.6240320886294, -1840.3042157366053, 96.24363334408328)
(0.1288894518158994, 0.04)
aligning

align
[4, 3, 5, 0, 1, 2]
(0, 1.7332530178673953, 1.0)
(1, 1.7332530178673953, 1.0)
[[0.3698347902057102, 0], [0.03276843776543403, 1]]
(2, 1.7332530178673953, 1.0)
[[0.4191939898355028, 1], [0.0, 0]]
(4, 0, 0.3202743626308271)
(5, 0, 0.20871468391389306)
 
('_______         _________', 2, '______         _______')
 
[[0.4191939898355028, 1], [0.0, 0]]
executing goToBall
_____________in break____________
(0, 239.46447919990294, 1743.4846214066945, -95.00941895528408)
_____________in break____________
(1, 277.7530711449709, -1838.0016028746854, 96.23238835473133)
(0.12368598899262118, 0.04)
aligning

align
[4, 3, 5, 0, 1, 2]
(0, 1.7332530178673953, 1.0)
(1, 1.7332530178673953, 1.0)
[[0.3703903790554266, 0], [0.03187982396692668, 1]]
(2, 1.7332530178673953, 1.0)
[[0.4195390576581475, 1], [0.0, 0]]
(4, 0, 0.3202743516792718)
(5, 0, 0.2087148085757646)
 
('_______         _________', 2, '______         _______')
 
[[0.4195390576581475, 1], [0.0, 0]]
executing goToBall
_____________in break____________
(0, 241.05745636528886, 1745.7252168373727, -95.0448540325949)
_____________in break____________
(1, 277.8771420107403, -1835.7003319349817, 96.22092864035893)
(0.11814156534386377, 0.04)
aligning

align
[4, 3, 5, 0, 1, 2]
(0, 1.7332530178673953, 1.0)
(1, 1.7332530178673953, 1.0)
[[0.3713113442565521, 0], [0.030963650660472464, 1]]
(2, 1.7332530178673953, 1.0)
[[0.41970960925769196, 1], [0.0, 0]]
(4, 0, 0.32027446119477526)
(5, 0, 0.20535946880056502)
 
('_______         _________', 2, '______         _______')
 
[[0.41970960925769196, 1], [0.0, 0]]
executing goToBall
_____________in break____________
(0, 242.74417661214207, 1747.9569171260925, -95.08342425839678)
_____________in break____________
(1, 277.9968722154823, -1833.3981722715555, 96.20947236899998)
(0.11261282069850509, 0.04)
aligning

align
[4, 3, 5, 0, 1, 2]
(0, 1.7332530178673953, 1.0)
(1, 1.7332530178673953, 1.0)
[[0.3718960085745713, 0], [0.030533132309831235, 1]]
(2, 1.7332530178673953, 1.0)
[[0.41993884991731845, 1], [0.0, 0]]
(4, 0, 0.32027434072769034)
(5, 0, 0.19837121632868143)
 
('_______         _________', 2, '______         _______')
 
[[0.41993884991731845, 1], [0.0, 0]]
executing goToBall
_____________in break____________
(0, 244.3626815387973, 1750.1367869264407, -95.11948950221284)
_____________in break____________
(1, 278.1031626167108, -1831.1568608991488, 96.19725558833703)
(0.10778180047965513, 0.04)
aligning

align
[4, 3, 5, 0, 1, 2]
(0, 1.7332530178673953, 1.0)
(1, 1.7332530178673953, 1.0)
[[0.37093549931838865, 0], [0.031045185440461864, 1]]
(2, 1.7332530178673953, 1.0)
[[0.42050686307267027, 1], [0.0, 0]]
(4, 0, 0.32027431882459495)
(5, 0, 0.19153879182453115)
 
('_______         _________', 2, '______         _______')
 
[[0.42050686307267027, 1], [0.0, 0]]
executing goToBall
_____________in break____________
(0, 246.00126673757873, 1752.3106689708395, -95.15597856613536)
_____________in break____________
(1, 278.3075226230583, -1828.9093611210237, 96.18795520898988)
(0.1040611593434857, 0.04)
aligning

align
[4, 3, 5, 0, 1, 2]
(0, 1.7332530178673953, 1.0)
(1, 1.7332530178673953, 1.0)
[[0.3702737809667722, 0], [0.03131257621185135, 1]]
(2, 1.7332530178673953, 1.0)
[[0.4207346966247676, 1], [0.0, 0]]
(4, 0, 0.32027426768044925)
(5, 0, 0.1841905137082228)
 
('_______         _________', 2, '______         _______')
 
[[0.4207346966247676, 1], [0.0, 0]]
executing goToBall
_____________in break____________
(0, 247.69655287441236, 1754.6038906782499, -95.193829028846)
_____________in break____________
(1, 278.4020642634439, -1826.5515129537976, 96.1746924736752)
(0.10018901991575113, 0.04)
aligning

align
[4, 3, 5, 0, 1, 2]
(0, 1.7332530178673953, 1.0)
(1, 1.7332530178673953, 1.0)
[[0.3696457051865103, 0], [0.031689778550196834, 1]]
(2, 1.7332530178673953, 1.0)
[[0.4211882000641456, 1], [0.0, 0]]
(4, 0, 0.32027432243821125)
(5, 0, 0.17696454936736616)
 
('_______         _________', 2, '______         _______')
 
[[0.4211882000641456, 1], [0.0, 0]]
executing goToBall
_____________in break____________
(0, 249.44635063343185, 1756.8973326733656, -95.23347975457659)
_____________in break____________
(1, 278.5361151802773, -1824.18265963696, 96.16275133647876)
(0.09680144953458658, 0.04)
aligning

align
[4, 3, 5, 0, 1, 2]
(0, 1.7332530178673953, 1.0)
(1, 1.7332530178673953, 1.0)
[[0.36898622514217916, 0], [0.031955825925576775, 1]]
(2, 1.7332530178673953, 1.0)
[[0.4214149613262008, 1], [0.0, 0]]
(4, 0, 0.32027450500100496)
(5, 0, 0.17178650706441026)
 
('_______         _________', 2, '______         _______')
 
[[0.4214149613262008, 1], [0.0, 0]]
executing goToBall
_____________in break____________
(0, 250.77717623100997, 1758.51164127215, -95.26121231276588)
_____________in break____________
(1, 278.78777941845635, -1822.5094165327419, 96.15602627878013)
(0.09355919527738443, 0.04)
aligning

align
[4, 3, 5, 0, 1, 2]
(0, 1.7332530178673953, 1.0)
(1, 1.7332530178673953, 1.0)
[[0.36868797559030275, 0], [0.03219977561657439, 1]]
(2, 1.7332530178673953, 1.0)
[[0.4217551941982678, 1], [0.0, 0]]
(4, 0, 0.3202744064370238)
(5, 0, 0.17011661732372074)
 
('_______         _________', 2, '______         _______')
 
[[0.4217551941982678, 1], [0.0, 0]]
executing goToBall
_____________in break____________
(0, 251.61001389805313, 1759.0617846097368, -95.27621438410884)
_____________in break____________
(1, 279.25784376413515, -1821.9027428701283, 96.15945376477708)
(0.09042887854307047, 0.04)
aligning

align
[4, 3, 5, 0, 1, 2]
(0, 1.7332530178673953, 1.0)
(1, 1.7332530178673953, 1.0)
[[0.3690174948118017, 0], [0.03206693268311511, 1]]
(2, 1.7332530178673953, 1.0)
[[0.4216419103844169, 1], [0.0, 0]]
(4, 0, 0.3202744064370205)
(5, 0, 0.17118645385322281)
 
('_______         _________', 2, '______         _______')
 
[[0.4216419103844169, 1], [0.0, 0]]
executing goToBall
_____________in break____________
(0, 251.82700046738657, 1758.7113941327223, -95.27695495768545)
_____________in break____________
(1, 279.644553412101, -1822.2295463513644, 96.16562195868434)
(0.08686702474477492, 0.04)
aligning

align
[4, 3, 5, 0, 1, 2]
(0, 1.7332530178673953, 1.0)
(1, 1.7332530178673953, 1.0)
[[0.36934737601078815, 0], [0.031933891236286094, 1]]
(2, 1.7332530178673953, 1.0)
[[0.4215284487194504, 1], [0.0, 0]]
(4, 0, 0.3202744119127921)
(5, 0, 0.17471585367453185)
 
('_______         _________', 2, '______         _______')
 
[[0.4215284487194504, 1], [0.0, 0]]
executing goToBall
_____________in break____________
(0, 251.3531495964147, 1757.5988926043156, -95.2629630789213)
_____________in break____________
(1, 279.93541291953227, -1823.347493011458, 96.17605731056602)
(0.08395509942891799, 0.04)
aligning

align
[4, 3, 5, 0, 1, 2]
(0, 1.7332530178673953, 1.0)
(1, 1.7332530178673953, 1.0)
[[0.3700082248936494, 0], [0.0316672129352038, 1]]
(2, 1.7332530178673953, 1.0)
[[0.4213009930936056, 1], [0.0, 0]]
(4, 0, 0.32027448309788015)
(5, 0, 0.18058335084307456)
 
('_______         _________', 2, '______         _______')
 
[[0.4213009930936056, 1], [0.0, 0]]
executing goToBall
_____________in break____________
(0, 250.43605583233287, 1755.7522188570372, -95.23840932601729)
_____________in break____________
(1, 280.26133870384, -1825.2143370645074, 96.19120612374296)
(0.0811406873119136, 0.04)
aligning

align
[4, 3, 5, 0, 1, 2]
(0, 1.7332530178673953, 1.0)
(1, 1.7332530178673953, 1.0)
[[0.3706376348533835, 0], [0.031289223784646936, 1]]
(2, 1.7332530178673953, 1.0)
[[0.42084673170355114, 1], [0.0, 0]]
(4, 0, 0.3202745269040951)
(5, 0, 0.1877394624451945)
 
('_______         _________', 2, '______         _______')
 
[[0.42084673170355114, 1], [0.0, 0]]
executing goToBall
_____________in break____________
(0, 249.19847309130645, 1753.4648690433128, -95.20507300444542)
_____________in break____________
(1, 280.6215730611526, -1827.538374624164, 96.20890073931686)
[4, 3, 5, 0, 1, 2]
(0, 1.7332530178673953, 1.0)
(1, 1.7332530178673953, 1.0)
[[0.37130072922639057, 0], [0.031021198597162236, 1]]
(2, 1.7332530178673953, 1.0)
[[0.42061820548977336, 1], [0.0, 0]]
(4, 0, 0.32027450500097987)
(5, 0, 0.19489041298964313)
 
('_______         _________', 2, '______         _______')
 
[[0.42061820548977336, 1], [0.0, 0]]
executing goToBall
_____________in break____________
(0, 248.03315913051065, 1751.2174885997542, -95.17407644120888)
_____________in break____________
(1, 281.0089960038848, -1829.8116641586446, 96.2274968277865)
[4, 3, 5, 0, 1, 2]
(0, 1.7332530178673953, 1.0)
(1, 1.7332530178673953, 1.0)
[[0.37229808520955787, 0], [0.030617678675178173, 1]]
(2, 1.7332530178673953, 1.0)
[[0.420274101524277, 1], [0.0, 0]]
(4, 0, 0.32027430787303923)
(5, 0, 0.20231122951964858)
 
('_______         _________', 2, '______         _______')
 
[[0.420274101524277, 1], [0.0, 0]]
executing goToBall
_____________in break____________
(0, 246.8336664859078, 1748.8823309327333, -95.14279562420354)
_____________in break____________
(1, 281.3411856183984, -1832.1762096081864, 96.24513393127046)
[4, 3, 5, 0, 1, 2]
(0, 1.7332530178673953, 1.0)
(1, 1.7332530178673953, 1.0)
[[0.3729648002380497, 0], [0.03034767786348791, 1]]
(2, 1.7332530178673953, 1.0)
[[0.42004382614670455, 1], [0.0, 0]]
(4, 0, 0.32027442286433166)
(5, 0, 0.2087147190749003)
 
('_______         _________', 2, '______         _______')
 
[[0.42004382614670455, 1], [0.0, 0]]
executing goToBall
_____________in break____________
(0, 245.49760169599259, 1746.4715860309195, -95.10823222577014)
_____________in break____________
(1, 281.68570290770754, -1834.61994183166, 96.26424229573682)
[4, 3, 5, 0, 1, 2]
(0, 1.7332530178673953, 1.0)
(1, 1.7332530178673953, 1.0)
[[0.37393110205065483, 0], [0.029832177672719062, 1]]
(2, 1.7332530178673953, 1.0)
[[0.41947296349017105, 1], [0.0, 0]]
(4, 0, 0.32027443381586457)
(5, 0, 0.20871473505717156)
 
('_______         _________', 2, '______         _______')
 
[[0.41947296349017105, 1], [0.0, 0]]
executing goToBall
_____________in break____________
(0, 244.2469968209971, 1744.3100646860362, -95.07644995137538)
_____________in break____________
(1, 281.8516086586633, -1836.8255917316203, 96.27769165163645)
[4, 3, 5, 0, 1, 2]
(0, 1.7332530178673953, 1.0)
(1, 1.7332530178673953, 1.0)
[[0.3742657541949286, 0], [0.029696415308122948, 1]]
(2, 1.7332530178673953, 1.0)
[[0.4193572184968528, 1], [0.0, 0]]
(4, 0, 0.3202744721462996)
(5, 0, 0.20871481177217413)
 
('_______         _________', 2, '______         _______')
 
[[0.4193572184968528, 1], [0.0, 0]]
executing goToBall
_____________in break____________
(0, 243.2116261803972, 1742.737306968337, -95.05153974019255)
_____________in break____________
(1, 281.94359766013406, -1838.4305468931843, 96.28877992603394)
