-1.800000000000000000e+01
-1.900000000000000000e+01
-5.800000000000000000e+01
-5.900000000000000000e+01
-5.900000000000000000e+01
-1.100000000000000000e+02
-1.090000000000000000e+02
-1.180000000000000000e+02
-1.180000000000000000e+02
-1.690000000000000000e+02
-2.000000000000000000e+02
-2.490000000000000000e+02
-2.500000000000000000e+02
-2.450000000000000000e+02
-2.450000000000000000e+02
-2.770000000000000000e+02
-2.760000000000000000e+02
-3.040000000000000000e+02
-2.970000000000000000e+02
-3.310000000000000000e+02
-3.670000000000000000e+02
-3.590000000000000000e+02
-3.620000000000000000e+02
-3.830000000000000000e+02
-3.870000000000000000e+02
-4.050000000000000000e+02
-3.960000000000000000e+02
-4.350000000000000000e+02
-4.630000000000000000e+02
-4.500000000000000000e+02
-4.750000000000000000e+02
-4.590000000000000000e+02
-4.490000000000000000e+02
-4.320000000000000000e+02
-4.560000000000000000e+02
-4.470000000000000000e+02
-4.500000000000000000e+02
-4.360000000000000000e+02
-4.560000000000000000e+02
-4.370000000000000000e+02
-4.600000000000000000e+02
-4.420000000000000000e+02
-4.610000000000000000e+02
-4.450000000000000000e+02
-4.360000000000000000e+02
-4.580000000000000000e+02
-4.430000000000000000e+02
-4.340000000000000000e+02
-4.290000000000000000e+02
-4.510000000000000000e+02
-4.740000000000000000e+02
-4.980000000000000000e+02
-4.930000000000000000e+02
-5.060000000000000000e+02
-4.890000000000000000e+02
-5.130000000000000000e+02
-5.030000000000000000e+02
-5.190000000000000000e+02
-5.090000000000000000e+02
-4.900000000000000000e+02
-4.830000000000000000e+02
-4.710000000000000000e+02
-4.510000000000000000e+02
-4.460000000000000000e+02
-4.690000000000000000e+02
-4.510000000000000000e+02
-4.740000000000000000e+02
-4.930000000000000000e+02
-5.160000000000000000e+02
-4.990000000000000000e+02
-5.220000000000000000e+02
-5.070000000000000000e+02
-5.310000000000000000e+02
-5.140000000000000000e+02
-5.390000000000000000e+02
-5.220000000000000000e+02
-5.030000000000000000e+02
-5.160000000000000000e+02
-5.080000000000000000e+02
-4.930000000000000000e+02
-4.750000000000000000e+02
-4.890000000000000000e+02
-4.820000000000000000e+02
-4.860000000000000000e+02
-4.800000000000000000e+02
-5.020000000000000000e+02
-5.260000000000000000e+02
-5.590000000000000000e+02
-5.380000000000000000e+02
-5.560000000000000000e+02
-5.400000000000000000e+02
-5.230000000000000000e+02
-5.430000000000000000e+02
-5.290000000000000000e+02
-5.130000000000000000e+02
-4.960000000000000000e+02
-5.210000000000000000e+02
-5.020000000000000000e+02
-5.070000000000000000e+02
-4.890000000000000000e+02
-5.140000000000000000e+02
-5.370000000000000000e+02
-5.590000000000000000e+02
-5.430000000000000000e+02
-5.650000000000000000e+02
-5.470000000000000000e+02
-5.710000000000000000e+02
-5.640000000000000000e+02
-5.770000000000000000e+02
-5.690000000000000000e+02
-5.920000000000000000e+02
-5.760000000000000000e+02
-5.580000000000000000e+02
-5.800000000000000000e+02
-5.630000000000000000e+02
-5.470000000000000000e+02
-5.270000000000000000e+02
-5.510000000000000000e+02
-5.540000000000000000e+02
-5.740000000000000000e+02
-5.630000000000000000e+02
-5.870000000000000000e+02
-5.630000000000000000e+02
-5.460000000000000000e+02
-5.270000000000000000e+02
-5.500000000000000000e+02
-5.330000000000000000e+02
-5.350000000000000000e+02
-5.180000000000000000e+02
-5.430000000000000000e+02
-5.630000000000000000e+02
-5.880000000000000000e+02
-5.710000000000000000e+02
-6.010000000000000000e+02
-5.660000000000000000e+02
-5.460000000000000000e+02
-5.260000000000000000e+02
-5.500000000000000000e+02
-5.290000000000000000e+02
-5.390000000000000000e+02
-5.210000000000000000e+02
-5.410000000000000000e+02
-5.620000000000000000e+02
-5.850000000000000000e+02
-5.630000000000000000e+02
-5.540000000000000000e+02
-5.840000000000000000e+02
-5.650000000000000000e+02
-5.480000000000000000e+02
-5.680000000000000000e+02
-5.320000000000000000e+02
-5.130000000000000000e+02
-5.170000000000000000e+02
-5.080000000000000000e+02
-4.990000000000000000e+02
-4.820000000000000000e+02
0.000000000000000000e+00
