4.000000000000000000e+00
4.000000000000000000e+00
-1.600000000000000000e+01
-1.500000000000000000e+01
-1.400000000000000000e+01
-3.600000000000000000e+01
-3.500000000000000000e+01
-4.600000000000000000e+01
-4.500000000000000000e+01
-6.500000000000000000e+01
-8.600000000000000000e+01
-1.050000000000000000e+02
-1.070000000000000000e+02
-1.060000000000000000e+02
-1.050000000000000000e+02
-1.240000000000000000e+02
-1.210000000000000000e+02
-1.260000000000000000e+02
-1.230000000000000000e+02
-1.360000000000000000e+02
-1.510000000000000000e+02
-1.470000000000000000e+02
-1.520000000000000000e+02
-1.570000000000000000e+02
-1.500000000000000000e+02
-1.640000000000000000e+02
-1.590000000000000000e+02
-1.740000000000000000e+02
-1.880000000000000000e+02
-1.850000000000000000e+02
-2.000000000000000000e+02
-1.960000000000000000e+02
-1.920000000000000000e+02
-1.880000000000000000e+02
-2.070000000000000000e+02
-2.030000000000000000e+02
-2.190000000000000000e+02
-2.160000000000000000e+02
-2.220000000000000000e+02
-2.230000000000000000e+02
-2.460000000000000000e+02
-2.440000000000000000e+02
-2.510000000000000000e+02
-2.470000000000000000e+02
-2.520000000000000000e+02
-2.700000000000000000e+02
-2.640000000000000000e+02
-2.590000000000000000e+02
-2.630000000000000000e+02
-2.780000000000000000e+02
-2.900000000000000000e+02
-3.040000000000000000e+02
-2.960000000000000000e+02
-3.110000000000000000e+02
-3.020000000000000000e+02
-3.070000000000000000e+02
-3.090000000000000000e+02
-3.120000000000000000e+02
-3.140000000000000000e+02
-3.090000000000000000e+02
-3.180000000000000000e+02
-3.120000000000000000e+02
-3.090000000000000000e+02
-3.160000000000000000e+02
-3.330000000000000000e+02
-3.270000000000000000e+02
-3.290000000000000000e+02
-3.540000000000000000e+02
-3.580000000000000000e+02
-3.510000000000000000e+02
-3.630000000000000000e+02
-3.540000000000000000e+02
-3.680000000000000000e+02
-3.600000000000000000e+02
-3.690000000000000000e+02
-3.630000000000000000e+02
-3.550000000000000000e+02
-3.660000000000000000e+02
-3.600000000000000000e+02
-3.530000000000000000e+02
-3.450000000000000000e+02
-3.570000000000000000e+02
-3.480000000000000000e+02
-3.500000000000000000e+02
-3.520000000000000000e+02
-3.550000000000000000e+02
-3.680000000000000000e+02
-3.940000000000000000e+02
-3.870000000000000000e+02
-4.000000000000000000e+02
-3.910000000000000000e+02
-3.830000000000000000e+02
-3.920000000000000000e+02
-3.780000000000000000e+02
-3.700000000000000000e+02
-3.600000000000000000e+02
-3.560000000000000000e+02
-3.470000000000000000e+02
-3.580000000000000000e+02
-3.500000000000000000e+02
-3.490000000000000000e+02
-3.590000000000000000e+02
-3.700000000000000000e+02
-3.600000000000000000e+02
-3.690000000000000000e+02
-3.600000000000000000e+02
-3.700000000000000000e+02
-3.710000000000000000e+02
-3.710000000000000000e+02
-3.610000000000000000e+02
-3.800000000000000000e+02
-3.720000000000000000e+02
-3.600000000000000000e+02
-3.620000000000000000e+02
-3.520000000000000000e+02
-3.410000000000000000e+02
-3.300000000000000000e+02
-3.400000000000000000e+02
-3.400000000000000000e+02
-3.530000000000000000e+02
-3.520000000000000000e+02
-3.630000000000000000e+02
-3.530000000000000000e+02
-3.410000000000000000e+02
-3.330000000000000000e+02
-3.400000000000000000e+02
-3.310000000000000000e+02
-3.180000000000000000e+02
-3.070000000000000000e+02
-3.280000000000000000e+02
-3.250000000000000000e+02
-3.420000000000000000e+02
-3.290000000000000000e+02
-3.410000000000000000e+02
-3.180000000000000000e+02
-3.090000000000000000e+02
-2.990000000000000000e+02
-3.090000000000000000e+02
-2.990000000000000000e+02
-3.050000000000000000e+02
-2.990000000000000000e+02
-3.100000000000000000e+02
-3.250000000000000000e+02
-3.370000000000000000e+02
-3.260000000000000000e+02
-3.200000000000000000e+02
-3.400000000000000000e+02
-3.340000000000000000e+02
-3.250000000000000000e+02
-3.350000000000000000e+02
-3.160000000000000000e+02
-3.050000000000000000e+02
-3.080000000000000000e+02
-2.940000000000000000e+02
-2.950000000000000000e+02
-2.840000000000000000e+02
0.000000000000000000e+00
