-1.900000000000000000e+01
-1.900000000000000000e+01
-6.000000000000000000e+01
-9.000000000000000000e+01
-1.300000000000000000e+02
-1.300000000000000000e+02
-1.390000000000000000e+02
-1.790000000000000000e+02
-1.800000000000000000e+02
-2.190000000000000000e+02
-2.190000000000000000e+02
-2.500000000000000000e+02
-2.510000000000000000e+02
-2.800000000000000000e+02
-3.200000000000000000e+02
-3.300000000000000000e+02
-3.300000000000000000e+02
-3.300000000000000000e+02
-3.600000000000000000e+02
-3.690000000000000000e+02
-3.890000000000000000e+02
-4.190000000000000000e+02
-4.690000000000000000e+02
-5.090000000000000000e+02
-5.100000000000000000e+02
-5.090000000000000000e+02
-5.100000000000000000e+02
-5.490000000000000000e+02
-5.510000000000000000e+02
-5.690000000000000000e+02
-5.700000000000000000e+02
-6.100000000000000000e+02
-6.500000000000000000e+02
-6.900000000000000000e+02
-6.890000000000000000e+02
-7.310000000000000000e+02
-7.290000000000000000e+02
-7.690000000000000000e+02
-7.690000000000000000e+02
-7.700000000000000000e+02
-7.690000000000000000e+02
-7.690000000000000000e+02
-8.080000000000000000e+02
-8.010000000000000000e+02
-8.070000000000000000e+02
-8.110000000000000000e+02
-8.420000000000000000e+02
-8.770000000000000000e+02
-8.660000000000000000e+02
-8.710000000000000000e+02
-8.890000000000000000e+02
-8.810000000000000000e+02
-9.100000000000000000e+02
-8.990000000000000000e+02
-9.290000000000000000e+02
-9.440000000000000000e+02
-9.820000000000000000e+02
-9.650000000000000000e+02
-9.460000000000000000e+02
-9.320000000000000000e+02
-9.460000000000000000e+02
-9.290000000000000000e+02
-9.430000000000000000e+02
-9.670000000000000000e+02
-9.900000000000000000e+02
-9.740000000000000000e+02
-9.970000000000000000e+02
-9.790000000000000000e+02
-9.500000000000000000e+02
-9.600000000000000000e+02
-9.560000000000000000e+02
-9.690000000000000000e+02
-9.500000000000000000e+02
-9.740000000000000000e+02
-9.970000000000000000e+02
-9.830000000000000000e+02
-9.950000000000000000e+02
-9.880000000000000000e+02
-9.700000000000000000e+02
-9.530000000000000000e+02
-9.640000000000000000e+02
-9.580000000000000000e+02
-9.780000000000000000e+02
-9.590000000000000000e+02
-9.840000000000000000e+02
-9.950000000000000000e+02
-1.016000000000000000e+03
-1.011000000000000000e+03
-9.940000000000000000e+02
-1.004000000000000000e+03
-9.990000000000000000e+02
-9.830000000000000000e+02
-9.640000000000000000e+02
-9.860000000000000000e+02
-9.680000000000000000e+02
-9.720000000000000000e+02
-9.540000000000000000e+02
-9.800000000000000000e+02
-1.005000000000000000e+03
-1.025000000000000000e+03
-1.019000000000000000e+03
-1.014000000000000000e+03
-1.038000000000000000e+03
-1.018000000000000000e+03
-1.001000000000000000e+03
-1.022000000000000000e+03
-1.007000000000000000e+03
-9.750000000000000000e+02
-9.960000000000000000e+02
-1.010000000000000000e+03
-1.031000000000000000e+03
-1.015000000000000000e+03
-1.037000000000000000e+03
-1.018000000000000000e+03
-9.820000000000000000e+02
-1.007000000000000000e+03
-9.860000000000000000e+02
-1.002000000000000000e+03
-9.790000000000000000e+02
-1.000000000000000000e+03
-9.820000000000000000e+02
-1.006000000000000000e+03
-9.860000000000000000e+02
-9.670000000000000000e+02
-9.860000000000000000e+02
-9.690000000000000000e+02
-9.720000000000000000e+02
-9.610000000000000000e+02
-9.940000000000000000e+02
-1.017000000000000000e+03
-1.038000000000000000e+03
-1.021000000000000000e+03
-1.041000000000000000e+03
-1.023000000000000000e+03
-1.006000000000000000e+03
-1.026000000000000000e+03
-1.017000000000000000e+03
-1.001000000000000000e+03
-9.840000000000000000e+02
-1.006000000000000000e+03
-1.007000000000000000e+03
-1.021000000000000000e+03
-1.013000000000000000e+03
-1.026000000000000000e+03
-1.003000000000000000e+03
-9.870000000000000000e+02
-9.680000000000000000e+02
-9.680000000000000000e+02
-9.500000000000000000e+02
-9.420000000000000000e+02
-9.250000000000000000e+02
-9.180000000000000000e+02
0.000000000000000000e+00
