9.000000000000000000e+00
9.000000000000000000e+00
-1.000000000000000000e+01
-3.000000000000000000e+01
-5.000000000000000000e+01
-5.000000000000000000e+01
-5.100000000000000000e+01
-7.100000000000000000e+01
-7.000000000000000000e+01
-9.100000000000000000e+01
-9.100000000000000000e+01
-1.110000000000000000e+02
-1.110000000000000000e+02
-1.300000000000000000e+02
-1.510000000000000000e+02
-1.510000000000000000e+02
-1.510000000000000000e+02
-1.500000000000000000e+02
-1.710000000000000000e+02
-1.710000000000000000e+02
-1.810000000000000000e+02
-2.010000000000000000e+02
-2.310000000000000000e+02
-2.510000000000000000e+02
-2.510000000000000000e+02
-2.510000000000000000e+02
-2.500000000000000000e+02
-2.710000000000000000e+02
-2.710000000000000000e+02
-2.810000000000000000e+02
-2.810000000000000000e+02
-3.010000000000000000e+02
-3.200000000000000000e+02
-3.410000000000000000e+02
-3.410000000000000000e+02
-3.700000000000000000e+02
-3.710000000000000000e+02
-3.910000000000000000e+02
-3.900000000000000000e+02
-3.910000000000000000e+02
-3.910000000000000000e+02
-3.910000000000000000e+02
-4.110000000000000000e+02
-4.100000000000000000e+02
-4.100000000000000000e+02
-4.210000000000000000e+02
-4.390000000000000000e+02
-4.600000000000000000e+02
-4.590000000000000000e+02
-4.680000000000000000e+02
-4.770000000000000000e+02
-4.740000000000000000e+02
-4.930000000000000000e+02
-4.890000000000000000e+02
-5.190000000000000000e+02
-5.380000000000000000e+02
-5.560000000000000000e+02
-5.560000000000000000e+02
-5.600000000000000000e+02
-5.550000000000000000e+02
-5.610000000000000000e+02
-5.560000000000000000e+02
-5.720000000000000000e+02
-5.860000000000000000e+02
-5.990000000000000000e+02
-5.930000000000000000e+02
-6.060000000000000000e+02
-6.010000000000000000e+02
-5.890000000000000000e+02
-6.010000000000000000e+02
-6.050000000000000000e+02
-6.060000000000000000e+02
-6.010000000000000000e+02
-6.120000000000000000e+02
-6.270000000000000000e+02
-6.210000000000000000e+02
-6.340000000000000000e+02
-6.380000000000000000e+02
-6.310000000000000000e+02
-6.220000000000000000e+02
-6.260000000000000000e+02
-6.310000000000000000e+02
-6.440000000000000000e+02
-6.370000000000000000e+02
-6.510000000000000000e+02
-6.670000000000000000e+02
-6.770000000000000000e+02
-6.720000000000000000e+02
-6.670000000000000000e+02
-6.810000000000000000e+02
-6.720000000000000000e+02
-6.630000000000000000e+02
-6.560000000000000000e+02
-6.680000000000000000e+02
-6.580000000000000000e+02
-6.680000000000000000e+02
-6.570000000000000000e+02
-6.720000000000000000e+02
-6.800000000000000000e+02
-6.900000000000000000e+02
-6.780000000000000000e+02
-6.790000000000000000e+02
-6.880000000000000000e+02
-6.760000000000000000e+02
-6.680000000000000000e+02
-6.760000000000000000e+02
-6.660000000000000000e+02
-6.460000000000000000e+02
-6.570000000000000000e+02
-6.700000000000000000e+02
-6.790000000000000000e+02
-6.690000000000000000e+02
-6.810000000000000000e+02
-6.700000000000000000e+02
-6.540000000000000000e+02
-6.650000000000000000e+02
-6.530000000000000000e+02
-6.650000000000000000e+02
-6.530000000000000000e+02
-6.630000000000000000e+02
-6.520000000000000000e+02
-6.640000000000000000e+02
-6.520000000000000000e+02
-6.390000000000000000e+02
-6.480000000000000000e+02
-6.380000000000000000e+02
-6.380000000000000000e+02
-6.340000000000000000e+02
-6.490000000000000000e+02
-6.600000000000000000e+02
-6.660000000000000000e+02
-6.570000000000000000e+02
-6.630000000000000000e+02
-6.520000000000000000e+02
-6.410000000000000000e+02
-6.500000000000000000e+02
-6.470000000000000000e+02
-6.360000000000000000e+02
-6.270000000000000000e+02
-6.360000000000000000e+02
-6.360000000000000000e+02
-6.470000000000000000e+02
-6.370000000000000000e+02
-6.490000000000000000e+02
-6.410000000000000000e+02
-6.330000000000000000e+02
-6.240000000000000000e+02
-6.280000000000000000e+02
-6.190000000000000000e+02
-6.140000000000000000e+02
-6.040000000000000000e+02
-6.060000000000000000e+02
0.000000000000000000e+00
