2.000000000000000000e+00
-8.000000000000000000e+00
-1.800000000000000000e+01
-3.900000000000000000e+01
-3.800000000000000000e+01
-4.800000000000000000e+01
-4.800000000000000000e+01
-7.700000000000000000e+01
-8.800000000000000000e+01
-1.280000000000000000e+02
-1.270000000000000000e+02
-1.290000000000000000e+02
-1.580000000000000000e+02
-1.580000000000000000e+02
-1.870000000000000000e+02
-2.180000000000000000e+02
-2.480000000000000000e+02
-2.490000000000000000e+02
-2.470000000000000000e+02
-2.880000000000000000e+02
-2.880000000000000000e+02
-2.990000000000000000e+02
-3.090000000000000000e+02
-3.380000000000000000e+02
-3.680000000000000000e+02
-3.980000000000000000e+02
-3.950000000000000000e+02
-4.260000000000000000e+02
-4.180000000000000000e+02
-4.520000000000000000e+02
-4.460000000000000000e+02
-4.910000000000000000e+02
-4.950000000000000000e+02
-5.170000000000000000e+02
-5.440000000000000000e+02
-5.300000000000000000e+02
-5.420000000000000000e+02
-5.340000000000000000e+02
-5.500000000000000000e+02
-5.590000000000000000e+02
-5.790000000000000000e+02
-5.650000000000000000e+02
-5.810000000000000000e+02
-5.780000000000000000e+02
-5.870000000000000000e+02
-5.580000000000000000e+02
-5.550000000000000000e+02
-5.600000000000000000e+02
-5.670000000000000000e+02
-5.790000000000000000e+02
-5.600000000000000000e+02
-5.700000000000000000e+02
-5.380000000000000000e+02
-5.120000000000000000e+02
-5.100000000000000000e+02
-5.020000000000000000e+02
-4.380000000000000000e+02
-4.420000000000000000e+02
-4.180000000000000000e+02
-3.820000000000000000e+02
-3.860000000000000000e+02
-3.980000000000000000e+02
-4.040000000000000000e+02
-3.770000000000000000e+02
-3.790000000000000000e+02
-3.590000000000000000e+02
-3.700000000000000000e+02
-3.450000000000000000e+02
-2.910000000000000000e+02
-2.920000000000000000e+02
-2.410000000000000000e+02
-2.370000000000000000e+02
-2.510000000000000000e+02
-2.550000000000000000e+02
-2.310000000000000000e+02
-1.800000000000000000e+02
-1.550000000000000000e+02
-1.710000000000000000e+02
-1.440000000000000000e+02
-1.380000000000000000e+02
-1.110000000000000000e+02
-1.200000000000000000e+02
-1.240000000000000000e+02
-1.320000000000000000e+02
-1.100000000000000000e+02
-1.260000000000000000e+02
-4.300000000000000000e+01
-4.000000000000000000e+01
-2.000000000000000000e+01
-1.200000000000000000e+01
6.000000000000000000e+00
9.000000000000000000e+00
6.000000000000000000e+00
2.000000000000000000e+01
3.900000000000000000e+01
4.200000000000000000e+01
7.800000000000000000e+01
7.800000000000000000e+01
1.250000000000000000e+02
1.250000000000000000e+02
0.000000000000000000e+00
