-1.500000000000000000e+01
-3.500000000000000000e+01
-4.500000000000000000e+01
-8.500000000000000000e+01
-8.500000000000000000e+01
-9.400000000000000000e+01
-9.500000000000000000e+01
-1.440000000000000000e+02
-1.740000000000000000e+02
-2.350000000000000000e+02
-2.340000000000000000e+02
-2.350000000000000000e+02
-2.750000000000000000e+02
-2.840000000000000000e+02
-3.250000000000000000e+02
-3.740000000000000000e+02
-4.350000000000000000e+02
-4.350000000000000000e+02
-4.340000000000000000e+02
-4.950000000000000000e+02
-4.950000000000000000e+02
-5.150000000000000000e+02
-5.250000000000000000e+02
-5.750000000000000000e+02
-6.250000000000000000e+02
-6.840000000000000000e+02
-6.800000000000000000e+02
-7.270000000000000000e+02
-7.310000000000000000e+02
-7.890000000000000000e+02
-7.860000000000000000e+02
-8.820000000000000000e+02
-8.870000000000000000e+02
-9.340000000000000000e+02
-9.920000000000000000e+02
-9.860000000000000000e+02
-1.016000000000000000e+03
-1.020000000000000000e+03
-1.065000000000000000e+03
-1.080000000000000000e+03
-1.127000000000000000e+03
-1.124000000000000000e+03
-1.182000000000000000e+03
-1.189000000000000000e+03
-1.240000000000000000e+03
-1.238000000000000000e+03
-1.239000000000000000e+03
-1.290000000000000000e+03
-1.332000000000000000e+03
-1.377000000000000000e+03
-1.389000000000000000e+03
-1.441000000000000000e+03
-1.460000000000000000e+03
-1.466000000000000000e+03
-1.522000000000000000e+03
-1.549000000000000000e+03
-1.650000000000000000e+03
-1.716000000000000000e+03
-1.730000000000000000e+03
-1.781000000000000000e+03
-1.844000000000000000e+03
-1.912000000000000000e+03
-1.976000000000000000e+03
-1.991000000000000000e+03
-2.059000000000000000e+03
-2.068000000000000000e+03
-2.139000000000000000e+03
-2.152000000000000000e+03
-2.166000000000000000e+03
-2.227000000000000000e+03
-2.239000000000000000e+03
-2.283000000000000000e+03
-2.346000000000000000e+03
-2.400000000000000000e+03
-2.399000000000000000e+03
-2.447000000000000000e+03
-2.451000000000000000e+03
-2.495000000000000000e+03
-2.486000000000000000e+03
-2.507000000000000000e+03
-2.492000000000000000e+03
-2.532000000000000000e+03
-2.579000000000000000e+03
-2.621000000000000000e+03
-2.605000000000000000e+03
-2.633000000000000000e+03
-2.563000000000000000e+03
-2.577000000000000000e+03
-2.558000000000000000e+03
-2.564000000000000000e+03
-2.538000000000000000e+03
-2.551000000000000000e+03
-2.548000000000000000e+03
-2.538000000000000000e+03
-2.511000000000000000e+03
-2.500000000000000000e+03
-2.431000000000000000e+03
-2.431000000000000000e+03
-2.322000000000000000e+03
-2.322000000000000000e+03
0.000000000000000000e+00
